17 9 2 6 22 3 6 9 2
9 21 3 20 9 2
19 2 11 21 3 11 20 2
10 22 3 15 10 16 2
18 22 3 18 9 2
5 17 15 19 2 6 21 3 6 2
16 21 3 16 9 2
5 9 15 2 18 22 3 18 9 2
11 22 3 11 7 20 2
9 22 3 12 9 2
9 22 3 9 12 2
10 21 3 10 9 10 2
19 14 2 9 22 3 17 9 2
16 21 3 16 20 2
11 13 14 14 2 8 21 3 10 8 2
18 22 3 18 11 2
5 16 2 5 21 3 5 20 2
8 2 19 22 3 19 15 2
10 21 3 15 10 2
19 22 3 19 15 2
9 17 5 2 19 22 3 19 15 2
11 21 3 16 11 2
17 22 3 17 20 2
9 21 3 9 20 2
10 13 2 9 21 3 9 20 2
20 10 16 2 15 22 3 15 20 2
5 22 3 5 20 2
20 22 3 18 20 2
13 2 10 21 3 10 15 17 2
19 11 8 11 2 18 21 3 18 10 2
18 22 3 18 18 20 2
17 21 3 17 16 2
5 21 3 5 17 10 2
19 22 3 19 20 2
19 2 11 22 3 20 11 2
11 21 3 11 16 2
16 22 3 16 20 2
8 17 9 5 2 13 22 3 13 17 2
5 21 3 5 20 2
8 22 3 8 16 2
19 22 3 15 19 2
11 18 15 2 6 22 3 6 9 2
11 22 3 20 11 2
9 9 5 2 17 22 3 5 17 20 2
19 21 3 19 9 2
5 21 3 5 17 2
18 21 3 18 18 20 2
20 21 3 20 15 15 2
14 21 3 9 14 20 2
10 17 17 12 2 20 21 3 15 20 2
16 22 3 16 10 2
12 10 20 2 12 22 3 9 12 2
5 21 3 5 20 2
11 21 3 11 20 2
5 21 3 5 20 2
19 21 3 19 11 9 2
20 18 2 18 22 3 18 20 2
17 21 3 17 10 2
9 22 3 9 17 11 2
16 9 7 2 16 21 3 16 9 2
5 22 3 5 17 2
16 13 20 2 9 21 3 17 9 2
16 22 3 16 9 2
10 2 12 22 3 9 12 2
11 21 3 11 7 20 2
11 22 3 11 16 2
20 21 3 20 15 2
16 22 3 16 17 2
18 21 3 18 18 2
17 22 3 20 17 2
12 13 9 2 16 22 3 16 20 2
9 21 3 9 17 2
9 22 3 17 9 2
9 22 3 9 20 2
19 5 2 16 21 3 16 9 2
11 16 2 16 21 3 9 16 2
15 21 3 15 17 2
14 15 10 2 19 22 3 19 15 2
17 20 2 19 22 3 19 9 2
17 2 11 22 3 11 16 2
11 19 12 20 2 16 22 3 16 20 2
18 21 3 18 10 2
11 22 3 20 11 2
17 21 3 17 10 2
10 22 3 10 15 2
20 5 2 10 21 3 15 10 2
19 2 17 21 3 16 17 2
10 22 3 10 10 2
19 21 3 19 15 2
10 21 3 10 10 2
16 22 3 16 20 2
19 21 3 17 19 2
5 22 3 5 16 2
16 22 3 16 20 2
18 22 3 18 20 2
7 22 3 20 7 2
20 18 2 18 22 3 18 20 2
15 21 3 15 20 2
11 22 3 11 16 2
18 22 3 18 9 2
11 22 3 20 11 14 2
5 21 3 5 16 2
10 22 3 10 17 2
13 22 3 13 9 9 2
13 19 17 2 19 22 3 19 20 2
5 22 3 5 13 10 2
12 2 14 22 3 14 14 15 2
9 17 2 14 22 3 14 10 2
19 22 3 19 15 2
10 15 2 16 21 3 16 17 2
19 22 3 19 9 2
7 12 7 7 2 18 22 3 18 18 20 2
19 7 10 2 15 22 3 15 20 2
8 22 3 8 17 2
11 21 3 11 16 2
16 7 5 2 19 22 3 19 9 2
5 16 2 17 22 3 17 10 2
17 22 3 17 9 2
10 22 3 10 17 2
14 21 3 14 20 2
17 2 20 21 3 7 20 2
8 13 20 2 8 22 3 12 8 9 2
20 17 2 19 22 3 19 9 2
13 21 3 5 13 9 2
18 11 2 13 21 3 13 9 2
9 2 5 21 3 5 17 10 2
8 22 3 8 17 15 2
17 21 3 17 20 2
13 2 15 22 3 20 15 2
18 7 2 14 21 3 17 14 20 2
20 22 3 20 18 2
9 9 12 17 2 19 22 3 19 9 2
13 20 2 20 21 3 17 20 11 2
16 22 3 16 9 18 2
19 22 3 19 17 2
13 22 3 13 9 2
16 22 3 16 10 2
16 22 3 16 9 2
16 22 3 16 9 2
5 9 13 2 16 22 3 9 16 10 2
14 7 14 2 13 22 3 13 15 2
18 22 3 18 18 20 2
20 21 3 20 15 2
18 22 3 18 11 2
19 21 3 19 9 19 2
19 21 3 19 15 2
13 21 3 13 9 2
18 11 2 13 21 3 9 13 2
19 22 3 19 20 2
7 10 5 2 14 21 3 14 15 2
20 13 8 12 2 10 22 3 10 17 2
19 2 16 22 3 16 10 12 2
19 5 17 2 19 21 3 19 20 2
13 2 13 22 3 15 15 13 2
15 16 2 6 22 3 6 2
8 22 3 8 16 2
16 2 11 21 3 20 11 2
7 22 3 20 7 2
19 22 3 19 17 2
20 21 3 20 7 2
19 21 3 19 17 2
18 22 3 18 11 2
20 21 3 7 20 2
8 2 10 22 3 10 17 2
11 21 3 11 7 20 2
5 22 3 5 17 10 2
11 21 3 11 20 2
5 21 3 5 10 2
11 22 3 20 11 2
20 21 3 20 15 2
10 8 17 16 2 16 21 3 16 20 2
16 22 3 16 10 2
18 21 3 18 7 11 2
11 22 3 11 20 7 2
12 13 13 2 17 22 3 16 17 2
12 19 9 19 2 7 22 3 7 17 2
8 21 3 8 10 2
9 20 12 2 18 21 3 18 18 20 2
18 20 2 14 22 3 14 18 2
9 7 10 8 2 16 22 3 16 17 2
18 22 3 12 18 10 2
15 22 3 15 16 2
11 21 3 10 11 16 2
18 21 3 18 10 2
15 16 2 6 21 3 6 2
8 20 2 11 22 3 11 7 20 2
10 2 20 22 3 20 18 2
11 21 3 20 11 2
11 17 15 19 2 8 22 3 9 8 5 2
6 21 3 15 6 2
18 22 3 18 11 2
19 22 3 19 9 2
18 21 3 18 10 2
11 20 2 5 22 3 17 5 2
15 21 3 17 15 2
11 2 12 21 3 15 9 12 2
14 2 18 21 3 18 7 18 20 2
11 22 3 11 16 2
19 22 3 19 20 2
20 22 3 20 7 16 2
17 21 3 17 20 2
9 15 14 14 2 15 22 3 15 10 17 2
19 22 3 19 19 17 2
9 15 12 8 2 11 21 3 20 11 2
7 19 2 19 21 3 19 15 2
17 22 3 17 9 2
18 22 3 18 11 2
16 21 3 16 9 2
20 21 3 20 18 2
11 22 3 7 11 2
11 22 3 7 11 2
11 21 3 20 11 2
19 20 2 11 21 3 11 20 2
17 22 3 17 9 2
18 22 3 18 20 2
15 15 14 15 2 7 22 3 20 7 2
20 21 3 20 7 2
7 21 3 7 17 2
17 22 3 10 17 2
19 21 3 19 15 2
9 21 3 12 9 2
19 11 10 19 2 13 22 3 13 15 2
15 22 3 15 20 2
16 22 3 16 10 2
19 22 3 19 9 2
12 2 14 21 3 14 10 2
17 5 2 19 22 3 9 19 15 2
17 21 3 17 10 2
14 16 14 2 19 21 3 19 9 2
11 22 3 11 7 20 2
18 22 3 18 9 2
11 12 2 14 22 3 19 14 20 2
16 22 3 16 20 2
17 21 3 17 16 2
17 22 3 17 9 2
9 18 2 20 21 3 20 18 2
9 22 3 9 12 2
18 21 3 18 11 2
16 21 3 16 17 2
14 2 16 22 3 16 9 2
13 9 17 2 13 22 3 13 15 2
14 22 3 14 15 2
19 22 3 19 17 2
11 22 3 11 16 2
9 22 3 9 17 2
20 21 3 20 17 15 2
5 22 3 5 17 10 2
7 18 2 6 21 3 13 15 6 2
20 14 2 20 21 3 20 7 2
6 22 3 6 2
17 2 13 21 3 13 17 2
7 22 3 19 7 20 2
17 2 11 22 3 11 16 7 2
20 21 3 7 20 2
8 16 2 17 22 3 17 9 2
17 2 12 22 3 9 12 2
14 22 3 14 15 2
5 16 2 17 21 3 17 10 2
16 22 3 16 17 2
8 10 12 20 2 16 21 3 16 17 2
17 21 3 17 16 2
18 21 3 10 18 2
16 21 3 16 10 2
11 21 3 11 16 10 2
5 21 3 5 16 2
16 22 3 16 20 2
11 20 2 5 21 3 5 17 2
14 21 3 14 10 2
12 5 17 2 10 21 3 10 10 2
20 22 3 20 18 2
18 22 3 18 18 20 20 2
10 21 3 10 15 2
11 2 19 22 3 7 20 19 2
9 5 16 2 11 22 3 11 7 20 2
5 21 3 5 17 2
10 22 3 15 10 2
9 20 13 2 5 21 3 5 17 2
20 21 3 20 7 2
5 21 3 5 10 2
13 15 20 2 17 22 3 17 20 2
19 22 3 19 9 2
11 22 3 11 7 20 2
8 16 19 2 13 21 3 9 13 2
18 21 3 18 20 2
11 11 2 19 21 3 19 9 2
9 22 3 9 18 2
19 22 3 19 9 2
14 21 3 14 20 2
17 21 3 17 9 2
11 21 3 11 16 2
17 21 3 17 10 2
5 17 2 16 22 3 16 20 2
5 18 18 5 2 18 22 3 18 9 2
18 22 3 18 20 2
16 22 3 16 9 2
9 18 2 19 22 3 19 15 2
5 22 3 16 5 2
5 20 15 14 2 9 21 3 9 20 2
15 2 18 21 3 18 10 10 2
18 22 3 18 20 2
18 22 3 18 10 2
19 20 2 11 22 3 11 20 2
19 2 10 21 3 10 15 2
5 21 3 5 20 2
20 2 12 21 3 12 20 2
20 22 3 20 11 2
16 22 3 16 9 2
12 15 17 2 15 22 3 15 5 16 2
20 22 3 20 11 2
17 21 3 17 20 2
8 21 3 8 17 13 2
7 14 20 2 19 21 3 19 9 2
9 7 2 11 22 3 11 16 2
5 13 5 17 2 20 21 3 20 11 2
5 21 3 5 17 10 2
5 21 3 5 20 2
7 20 5 2 19 21 3 20 16 19 2
5 15 11 2 16 22 3 16 17 2
19 21 3 19 20 2
12 21 3 12 20 2
9 18 2 20 21 3 20 18 2
20 5 14 18 2 20 21 3 20 11 2
18 22 3 18 11 2
17 2 11 21 3 7 11 2
17 21 3 17 20 2
19 21 3 19 9 2
19 15 2 10 21 3 17 10 2
18 11 2 13 22 3 13 9 2
13 21 3 13 15 2
17 21 3 17 16 2
19 21 3 19 15 2
11 22 3 11 7 20 2
17 10 11 11 2 6 21 3 15 6 2
16 2 13 21 3 13 9 11 2
5 22 3 5 17 10 2
18 21 3 11 18 2
19 15 19 2 18 21 3 18 20 18 2
13 22 3 9 13 2
14 17 20 14 2 12 21 3 12 13 9 2
20 21 3 20 11 2
16 21 3 16 9 2
14 2 8 21 3 8 9 2
16 21 3 16 17 2
5 22 3 5 17 2
18 15 15 2 10 21 3 10 17 2
16 22 3 17 16 2
13 22 3 15 13 2
14 21 3 10 14 2
17 22 3 17 20 15 2
9 22 3 18 9 18 2
5 21 3 5 20 2
10 14 2 11 22 3 11 19 7 2
19 21 3 19 9 2
17 21 3 18 17 16 2
20 21 3 20 11 2
9 15 2 14 21 3 14 20 2
15 22 3 15 20 2
12 13 15 5 2 17 22 3 17 10 2
5 21 3 5 16 2
17 9 2 6 21 3 6 9 2
18 21 3 18 10 2
16 21 3 16 20 2
12 2 8 21 3 8 17 2
17 21 3 17 16 2
18 10 2 7 21 3 7 17 2
20 22 3 20 18 2
18 22 3 18 20 2
5 21 3 5 16 2
16 21 3 16 17 2
11 7 20 2 17 22 3 16 17 2
19 21 3 19 9 2
14 8 20 2 12 21 3 12 20 8 2
5 19 18 17 2 13 21 3 13 17 2
17 2 18 21 3 18 20 2
16 21 3 16 9 2
11 19 20 17 2 15 22 3 15 16 2
11 22 3 20 11 2
10 2 16 22 3 16 9 2
18 21 3 18 20 2
19 2 10 22 3 15 10 2
13 12 8 20 2 10 21 3 7 10 10 2
18 21 3 18 18 17 20 2
19 22 3 19 9 2
11 22 3 11 7 20 2
5 21 3 5 17 2
18 22 3 18 11 8 2
5 21 3 5 17 10 2
12 20 2 11 22 3 11 20 2
15 22 3 18 15 20 2
18 22 3 18 11 2
18 15 11 2 20 21 3 15 20 2
11 20 5 2 19 21 3 19 7 17 2
19 22 3 19 15 2
19 22 3 19 17 2
10 10 13 2 11 21 3 11 16 2
5 22 3 5 20 2
11 21 3 7 11 2
9 21 3 9 12 2
9 20 14 20 2 10 21 3 10 17 2
18 20 2 11 22 3 11 20 2
20 10 15 10 2 5 22 3 5 10 2
17 16 18 2 13 22 3 13 12 15 2
14 22 3 14 10 8 2
18 21 3 18 10 2
8 10 14 16 2 18 21 3 18 10 2
20 21 3 20 7 2
16 22 3 16 17 2
18 21 3 18 20 2
12 2 18 22 3 18 20 18 2
20 17 2 8 21 3 8 16 2
19 21 3 19 20 2
12 15 18 18 2 9 22 3 18 9 2
11 21 3 20 11 2
19 22 3 19 9 2
8 21 3 8 9 2
18 22 3 18 10 2
9 18 2 20 21 3 20 18 2
18 11 2 13 22 3 13 9 2
7 22 3 17 7 2
18 22 3 18 10 2
11 17 2 18 21 3 18 9 2
17 21 3 17 9 2
18 22 3 11 18 20 2
9 18 2 20 21 3 20 18 2
16 19 18 2 19 21 3 15 19 2
11 22 3 11 20 2
11 21 3 11 16 2
5 16 8 2 13 21 3 16 13 9 2
17 21 3 17 9 2
19 22 3 19 9 2
20 22 3 20 11 18 2
19 21 3 19 15 2
7 2 18 22 3 18 10 2
16 21 3 16 10 2
11 20 2 5 22 3 5 17 2
9 13 16 9 2 18 21 3 18 10 2
9 21 3 9 17 2
18 22 3 18 10 2
14 17 5 8 2 17 22 3 9 17 10 2
17 21 3 17 20 2
8 22 3 8 16 2
11 20 2 5 22 3 5 17 2
19 15 2 10 21 3 17 10 2
5 13 9 5 2 19 22 3 19 17 2
17 10 2 18 22 3 18 20 2
17 21 3 17 9 2
19 2 5 21 3 5 16 2
15 21 3 15 10 2
16 21 3 16 10 2
16 14 17 10 2 15 22 3 16 15 16 2
20 9 2 9 21 3 9 20 2
9 22 3 9 17 2
5 21 3 5 17 10 2
5 22 3 5 17 2
17 22 3 9 17 2
7 14 2 11 22 3 11 16 2
17 22 3 17 20 2
15 19 2 14 22 3 14 15 2
11 16 2 16 22 3 9 16 2
15 11 13 9 2 12 22 3 12 9 2
11 22 3 7 11 2
17 21 3 17 16 2
20 22 3 20 15 2
8 21 3 8 10 2
14 19 14 10 2 20 22 3 20 18 2
20 18 8 10 2 18 22 3 18 11 2
20 21 3 20 11 2
6 21 3 6 2
16 16 13 7 2 18 22 3 18 11 2
10 21 3 10 17 2
18 21 3 18 11 2
15 19 7 2 16 22 3 16 9 2
5 21 3 5 20 2
18 9 17 14 2 8 21 3 8 17 2
5 2 18 22 3 18 20 2
19 22 3 17 19 2
5 22 3 20 5 2
18 21 3 18 10 2
20 21 3 20 11 2
19 22 3 15 19 2
11 17 15 2 11 22 3 9 20 11 2
19 15 2 10 21 3 10 17 2
18 21 3 18 20 2
10 15 2 17 22 3 16 17 2
20 22 3 20 7 2
19 18 14 2 5 22 3 5 17 2
18 20 2 14 21 3 18 14 2
12 15 13 2 11 21 3 20 11 2
9 22 3 9 17 2
18 22 3 18 20 18 2
10 20 17 2 20 22 3 20 15 2
10 11 10 2 19 21 3 19 17 2
19 15 2 10 21 3 10 17 2
5 20 16 13 2 19 22 3 19 20 2
13 9 20 2 16 21 3 17 16 2
5 22 3 5 17 2
7 8 20 2 13 22 3 13 17 2
7 5 16 2 11 22 3 11 16 2
15 9 2 20 22 3 15 20 11 2
20 22 3 5 20 15 2
18 22 3 18 11 2
16 21 3 16 10 2
20 5 2 12 22 3 20 12 2
9 21 3 9 17 2
17 22 3 17 9 2
8 21 3 8 9 2
20 22 3 20 15 2
18 7 2 17 22 3 17 10 2
10 21 3 10 10 2
11 21 3 20 11 2
7 22 3 5 20 7 2
19 21 3 19 15 2
17 17 5 9 2 20 21 3 18 20 2
9 7 2 10 22 3 10 10 2
9 2 17 22 3 17 9 2
18 21 3 18 10 2
16 2 18 21 3 18 9 20 2
20 21 3 20 15 2
5 22 3 5 16 2
5 16 2 17 22 3 17 10 2
18 22 3 18 9 2
14 16 7 2 19 21 3 19 17 2
11 22 3 11 20 7 2
11 21 3 20 11 2
17 5 16 2 16 22 3 17 16 2
5 2 13 22 3 13 19 15 2
14 22 3 10 14 2
9 16 9 2 19 22 3 19 15 2
17 21 3 17 20 2
17 22 3 17 16 2
17 22 3 17 9 2
12 21 3 12 9 2
18 21 3 18 11 2
20 5 11 2 15 21 3 15 20 2
8 10 20 11 2 12 22 3 17 9 12 2
18 22 3 18 10 2
19 16 8 20 2 18 22 3 18 19 10 2
20 16 2 15 22 3 15 10 2
5 22 3 5 10 2
20 21 3 20 7 2
18 22 3 18 11 2
14 22 3 14 20 2
16 22 3 16 10 2
12 17 7 2 10 22 3 10 15 18 2
19 22 3 19 9 2
18 21 3 18 20 2
16 21 3 16 9 2
17 15 2 6 21 3 6 2
19 15 2 10 21 3 17 10 2
19 22 3 19 15 2
17 10 2 18 22 3 18 20 2
5 16 2 17 22 3 17 10 2
5 21 3 5 17 10 2
9 21 3 9 12 2
11 21 3 11 16 2
20 22 3 20 11 2
5 21 3 5 17 10 2
19 20 2 11 22 3 11 20 2
18 21 3 18 10 2
16 22 3 16 9 2
16 22 3 16 9 2
19 7 18 9 2 18 22 3 20 18 2
10 2 5 22 3 5 10 2
12 21 3 9 12 2
5 21 3 5 16 2
19 21 3 19 15 2
18 21 3 18 9 2
12 2 12 21 3 12 9 2
11 22 3 11 16 2
8 11 2 11 22 3 20 11 2
20 21 3 20 18 18 2
5 22 3 5 10 2
11 22 3 11 7 2
14 7 2 18 22 3 18 9 2
13 21 3 13 17 2
5 22 3 5 17 10 2
19 13 7 7 2 19 22 3 19 17 2
19 22 3 19 9 2
19 22 3 19 15 2
20 21 3 20 18 2
18 21 3 18 11 2
5 21 3 5 17 2
15 15 2 11 21 3 20 20 11 2
12 9 8 7 2 13 21 3 13 9 2
9 19 13 2 17 22 3 17 16 10 2
5 22 3 10 5 2
5 21 3 5 17 2
20 21 3 15 20 2
20 22 3 20 11 2
18 22 3 18 9 2
10 21 3 10 15 2
9 9 7 12 2 7 22 3 20 7 2
15 2 19 21 3 19 15 9 2
18 21 3 18 10 2
5 17 2 16 21 3 16 20 2
8 21 3 8 17 2
16 21 3 16 9 2
5 21 3 5 17 2
19 17 2 18 21 3 18 18 20 2
11 21 3 11 7 20 2
20 22 3 20 11 17 2
20 21 3 7 20 2
19 21 3 19 15 2
13 2 5 21 3 5 10 17 15 2
11 21 3 20 11 2
5 22 3 5 20 2
12 22 3 9 12 2
20 21 3 20 11 2
19 22 3 19 9 2
7 22 3 7 17 2
18 21 3 18 11 2
6 22 3 15 6 2
19 22 3 19 15 2
12 2 14 21 3 14 15 2
5 20 2 11 22 3 11 20 2
8 22 3 8 17 2
11 21 3 7 11 2
20 18 2 20 22 3 20 15 2
20 22 3 20 7 2
19 22 3 19 20 2
10 18 17 2 10 22 3 17 15 10 2
10 22 3 9 10 17 2
12 9 12 8 2 19 21 3 19 20 9 2
19 21 3 19 15 2
11 21 3 7 11 2
11 21 3 11 20 2
11 10 5 2 11 22 3 7 16 11 2
11 22 3 20 11 2
16 9 8 2 20 22 3 20 18 2
18 20 2 14 21 3 14 18 2
16 22 3 16 9 2
12 2 16 21 3 20 16 2
14 22 3 14 10 2
20 21 3 20 10 7 2
19 22 3 19 20 2
5 22 3 5 20 2
20 7 9 20 2 18 22 3 18 18 20 2
18 21 3 18 20 2
13 22 3 13 15 2
20 21 3 20 15 2
14 2 17 22 3 17 16 2
20 21 3 20 15 2
18 21 3 18 11 2
10 15 2 16 22 3 17 16 2
16 21 3 16 10 2
9 14 17 2 15 22 3 15 10 2
20 22 3 20 15 2
11 20 2 5 21 3 5 17 2
11 21 3 11 16 2
7 21 3 20 7 2
18 22 3 18 11 2
5 22 3 5 17 2
17 21 3 17 10 2
19 2 18 22 3 11 13 18 2
11 21 3 11 7 20 2
18 5 8 14 2 12 21 3 12 9 2
15 18 19 2 12 21 3 20 12 2
17 22 3 17 9 2
19 18 14 12 2 19 22 3 19 9 2
7 2 16 22 3 7 16 9 2
20 21 3 18 20 2
17 22 3 17 20 2
16 21 3 16 10 2
7 21 3 17 7 2
5 21 3 20 5 2
16 21 3 16 10 2
5 22 3 5 10 17 2
20 21 3 11 20 2
8 22 3 7 8 10 2
19 21 3 19 15 2
11 21 3 7 20 11 2
8 22 3 8 17 2
18 22 3 18 18 20 2
16 22 3 16 10 2
17 22 3 17 9 2
15 17 2 7 21 3 20 7 2
11 22 3 11 7 20 2
5 22 3 5 10 2
13 17 2 17 21 3 17 11 20 2
17 22 3 17 16 2
9 2 17 21 3 17 16 2
18 21 3 18 11 2
16 13 2 9 21 3 9 18 17 2
10 18 2 16 22 3 16 10 20 2
17 22 3 17 16 2
17 8 5 2 5 22 3 20 16 5 2
5 13 9 16 2 19 21 3 19 15 2
10 22 3 10 10 2
16 21 3 16 20 2
18 22 3 18 18 20 2
16 21 3 20 16 2
5 22 3 5 10 2
11 21 3 11 16 2
13 15 9 2 13 22 3 13 17 2
11 21 3 11 7 20 2
5 21 3 5 16 2
11 21 3 20 11 2
15 22 3 15 17 2
15 22 3 15 17 2
8 12 17 14 2 11 21 3 20 11 2
5 22 3 5 16 2
14 21 3 14 10 2
7 21 3 7 20 2
20 21 3 20 18 2
20 9 2 13 21 3 13 9 2
11 20 2 5 22 3 5 17 2
11 21 3 11 7 20 2
7 18 20 2 11 21 3 7 11 2
17 7 7 5 2 16 21 3 16 10 2
11 12 10 12 2 5 22 3 5 17 8 10 2
18 8 2 12 22 3 12 20 2
6 21 3 6 2
19 21 3 19 15 2
16 21 3 16 20 2
8 21 3 8 16 2
16 21 3 16 17 2
5 20 2 11 21 3 11 20 2
5 21 3 5 20 2
15 2 18 21 3 18 18 20 2
13 21 3 15 13 2
5 19 20 2 8 21 3 8 10 2
20 22 3 20 15 2
8 17 8 15 2 11 22 3 7 11 2
18 22 3 18 18 20 2
9 14 2 19 22 3 15 19 2
14 2 16 21 3 16 10 2
5 10 7 2 13 21 3 13 17 2
18 22 3 18 18 20 2
18 20 2 14 22 3 14 18 2
19 2 20 21 3 20 7 2
18 21 3 18 9 2
12 21 3 12 20 2
10 22 3 10 10 2
8 21 3 9 8 10 2
7 15 9 13 2 7 21 3 20 20 7 2
15 15 15 2 18 22 3 18 12 20 2
12 8 2 18 22 3 18 18 20 2
17 22 3 17 9 2
18 22 3 18 20 2
18 22 3 18 18 20 2
19 20 2 11 21 3 11 20 2
5 21 3 5 17 10 2
18 21 3 18 18 20 2
20 21 3 20 7 2
5 22 3 5 10 2
18 22 3 18 18 20 2
18 22 3 18 10 2
18 7 2 20 21 3 20 15 2
10 2 12 22 3 20 12 2
17 10 2 18 22 3 18 20 2
18 11 2 13 21 3 13 9 2
16 21 3 16 20 2
16 21 3 16 9 2
16 21 3 16 10 2
15 19 5 11 2 13 22 3 17 13 2
19 22 3 19 15 8 2
19 21 3 19 9 2
13 22 3 13 15 2
8 16 2 17 22 3 17 9 2
19 2 7 21 3 7 17 2
16 21 3 16 20 2
11 21 3 7 11 2
16 21 3 17 16 2
13 13 7 2 13 21 3 13 8 9 2
10 12 11 2 15 22 3 15 17 18 2
19 22 3 19 20 2
9 22 3 9 18 2
11 21 3 11 7 20 2
15 2 16 22 3 16 10 2
16 22 3 16 10 2
18 2 9 21 3 9 20 2
12 22 3 12 20 2
8 7 2 11 21 3 11 7 20 2
17 21 3 17 9 2
18 22 3 18 20 2
5 2 11 21 3 19 11 20 2
16 22 3 16 10 2
9 18 2 20 22 3 20 18 2
19 18 2 18 22 3 18 18 20 2
17 10 2 18 21 3 20 18 2
11 8 18 2 18 21 3 18 18 20 2
18 21 3 18 9 2
18 21 3 18 9 2
7 10 20 2 8 21 3 8 17 2
17 9 2 6 22 3 6 9 2
15 22 3 15 16 2
7 22 3 7 20 2
17 10 2 18 21 3 20 18 2
16 21 3 16 9 2
20 21 3 20 7 2
18 22 3 18 9 2
8 21 3 8 16 2
11 22 3 11 20 2
17 22 3 17 9 2
15 14 2 18 22 3 18 18 20 2
20 21 3 20 11 2
11 21 3 11 20 2
20 21 3 20 18 2
19 20 2 11 22 3 20 11 2
19 21 3 19 15 2
11 21 3 7 11 2
20 22 3 20 11 2
15 16 2 6 21 3 6 2
16 18 18 14 2 11 21 3 11 20 2
5 20 2 11 22 3 20 11 2
12 22 3 9 12 2
17 13 17 2 17 22 3 17 15 10 2
16 2 10 22 3 15 10 2
11 22 3 16 20 11 2
17 22 3 17 20 2
18 18 19 2 11 21 3 5 11 7 20 2
17 10 2 18 22 3 18 20 2
14 10 2 19 21 3 19 15 9 2
18 22 3 11 18 2
7 21 3 7 10 20 2
8 21 3 8 8 16 2
20 22 3 20 7 2
7 22 3 7 17 17 2
9 2 14 21 3 14 15 2
5 22 3 5 17 10 2
5 14 2 19 21 3 19 9 2
18 7 13 16 2 13 22 3 9 13 9 2
20 22 3 20 18 2
5 7 12 16 2 9 21 3 10 9 17 2
5 22 3 5 17 10 2
8 14 13 2 18 22 3 18 18 20 2
11 22 3 11 20 2
20 18 2 18 22 3 20 18 2
13 2 5 21 3 5 16 2
16 2 7 21 3 7 10 2
18 21 3 18 11 2
5 22 3 5 20 2
12 21 3 12 9 2
10 15 2 16 21 3 16 17 2
7 2 14 21 3 14 8 15 2
16 21 3 16 10 2
15 14 2 11 22 3 11 16 2
18 22 3 18 18 20 2
5 16 2 17 22 3 17 10 2
11 22 3 7 11 2
20 22 3 20 11 2
17 22 3 17 16 2
5 21 3 5 16 2
7 13 16 2 5 22 3 17 5 2
9 21 3 18 9 2
18 20 9 9 2 19 21 3 19 17 2
16 21 3 16 9 2
18 19 9 2 14 21 3 14 11 20 2
5 21 3 5 16 2
11 21 3 11 20 2
18 22 3 10 18 2
8 21 3 8 15 9 2
9 13 13 2 6 21 3 6 2
9 21 3 9 9 18 2
14 19 2 12 22 3 12 9 2
7 11 2 5 21 3 5 16 2
15 21 3 15 16 2
11 2 9 21 3 9 17 2
5 22 3 5 17 2
18 22 3 18 18 20 2
5 21 3 5 17 2
8 15 7 10 2 13 21 3 15 9 13 2
10 5 15 10 2 20 22 3 11 8 20 2
20 22 3 11 20 2
16 22 3 16 9 2
16 21 3 16 20 2
20 21 3 20 7 2
5 21 3 5 17 10 2
17 18 2 18 22 3 18 20 2
16 9 2 20 21 3 7 20 2
18 22 3 18 10 2
16 18 14 2 17 22 3 10 14 17 2
17 21 3 17 20 2
11 20 2 5 21 3 5 17 2
17 22 3 17 10 2
15 10 14 10 2 9 22 3 9 18 2
11 21 3 11 7 2
17 2 18 21 3 18 10 11 2
17 21 3 17 20 10 2
17 10 13 2 10 22 3 10 15 2
5 21 3 5 16 2
12 12 15 2 16 22 3 16 10 2
17 7 9 2 12 21 3 12 20 2
5 22 3 5 20 2
20 8 16 2 13 21 3 13 15 2
18 21 3 18 9 2
18 20 2 14 21 3 14 18 2
15 20 13 2 11 22 3 11 20 2
11 21 3 11 20 2
5 21 3 5 10 2
17 21 3 9 17 2
11 19 18 18 2 18 22 3 18 11 2
18 21 3 18 18 20 2
17 2 13 22 3 13 9 2
17 10 2 18 22 3 18 20 2
16 21 3 16 9 2
16 21 3 16 20 2
11 22 3 20 11 2
5 17 2 16 22 3 16 20 2
16 22 3 16 20 2
11 20 2 5 22 3 17 5 2
15 14 5 2 20 21 3 20 14 15 2
14 17 16 16 2 19 21 3 9 19 2
7 2 8 21 3 8 9 9 2
11 22 3 11 7 2
12 9 2 6 21 3 6 9 2
17 22 3 17 10 2
17 9 11 2 8 22 3 8 10 2
18 21 3 18 18 18 20 2
19 21 3 19 20 2
19 22 3 19 9 2
19 21 3 19 20 2
14 8 2 20 22 3 20 20 18 2
11 22 3 11 20 2
18 22 3 18 18 20 2
11 18 10 2 16 22 3 16 9 2
19 21 3 19 17 2
18 22 3 18 18 20 2
16 13 17 14 2 14 22 3 14 20 2
9 22 3 9 18 2
17 21 3 17 20 2
5 21 3 5 10 2
5 21 3 5 17 10 2
11 21 3 11 16 2
14 21 3 14 15 2
12 21 3 9 12 14 2
19 21 3 19 17 2
5 22 3 5 10 2
19 21 3 19 15 2
11 21 3 11 7 20 2
20 21 3 20 18 2
5 16 2 11 22 3 7 11 17 2
11 21 3 20 11 2
18 22 3 18 9 2
5 19 2 13 22 3 13 9 2
15 16 2 6 21 3 6 2
20 21 3 20 15 2
20 21 3 20 15 2
8 21 3 8 16 2
14 21 3 14 15 2
8 16 2 17 22 3 17 9 2
11 22 3 11 20 8 2
17 2 17 21 3 20 17 2
13 21 3 9 13 2
18 21 3 18 20 2
11 22 3 11 16 2
5 22 3 5 16 2
14 22 3 14 20 2
9 21 3 9 17 11 2
18 21 3 15 18 9 2
13 21 3 13 17 2
20 21 3 20 18 2
20 21 3 20 17 7 2
17 21 3 17 10 2
11 21 3 7 11 20 2
9 21 3 9 12 5 2
12 10 7 16 2 15 22 3 17 15 2
17 21 3 17 9 2
17 22 3 17 9 2
20 21 3 20 15 2
18 21 3 18 11 2
10 21 3 10 17 15 2
20 15 2 10 21 3 15 16 10 2
19 15 2 10 22 3 17 10 2
20 21 3 20 15 2
20 2 8 21 3 8 20 17 2
9 9 2 6 22 3 6 2
17 2 10 22 3 10 15 2
19 5 16 20 2 20 22 3 20 7 2
13 22 3 13 17 2
18 21 3 18 9 2
11 22 3 20 11 2
18 21 3 11 18 2
19 2 16 22 3 16 9 2
18 21 3 18 20 2
12 2 19 22 3 9 19 2
12 19 9 2 12 22 3 12 9 17 2
17 22 3 17 9 2
11 21 3 7 11 2
17 2 19 22 3 19 20 2
18 21 3 18 9 2
5 22 3 17 5 2
5 21 3 5 10 2
7 15 8 2 17 21 3 16 17 2
18 22 3 18 18 2
12 8 8 2 16 22 3 16 9 2
19 18 2 14 21 3 20 14 2
6 22 3 15 6 2
18 21 3 18 11 2
11 22 3 11 20 7 2
15 10 19 2 20 21 3 20 15 2
18 21 3 18 10 2
17 22 3 17 10 2
15 22 3 15 17 2
13 21 3 13 15 2
18 21 3 18 18 20 2
5 21 3 5 10 2
17 22 3 17 20 2
8 13 2 20 22 3 15 20 2
17 9 2 6 21 3 6 9 2
10 22 3 10 10 2
20 22 3 20 15 2
9 22 3 9 20 2
11 18 18 5 2 18 22 3 18 18 7 20 2
20 22 3 20 7 2
8 2 18 22 3 18 20 2
18 16 9 17 2 18 22 3 20 18 2
8 9 8 11 2 5 21 3 5 10 2
20 21 3 20 18 2
20 22 3 20 11 2
7 9 18 2 18 21 3 9 18 2
12 9 18 16 2 18 22 3 11 19 18 2
11 22 3 11 7 20 2
18 21 3 18 20 2
5 8 8 8 2 20 22 3 20 11 2
10 21 3 10 15 2
14 16 9 16 2 15 22 3 15 17 16 2
17 21 3 17 10 2
5 16 2 17 22 3 10 17 2
11 22 3 7 11 2
20 21 3 11 20 2
5 16 11 16 2 16 22 3 10 16 2
18 21 3 18 10 2
14 22 3 14 20 17 2
16 22 3 16 17 2
20 22 3 20 15 2
11 21 3 7 11 2
17 17 20 20 2 6 22 3 6 2
11 15 16 2 20 21 3 20 18 2
19 22 3 19 9 2
16 21 3 8 16 17 2
20 21 3 20 11 2
10 15 2 16 22 3 17 16 2
20 21 3 11 20 2
18 21 3 18 10 2
16 21 3 17 16 2
11 20 2 5 21 3 5 17 2
11 17 18 2 20 21 3 20 7 2
19 22 3 19 7 17 2
7 10 14 2 8 22 3 11 8 16 2
8 21 3 9 8 2
15 22 3 15 16 2
20 22 3 20 11 2
19 20 2 11 21 3 11 20 2
20 22 3 15 20 2
19 22 3 19 15 2
20 21 3 20 15 2
19 21 3 19 20 2
9 7 20 14 2 18 22 3 16 20 18 2
19 22 3 19 20 2
20 22 3 20 15 2
19 13 10 10 2 17 22 3 16 17 2
13 5 2 11 22 3 17 7 11 2
5 22 3 5 20 2
8 22 3 8 10 2
16 12 19 2 10 22 3 10 10 2
17 22 3 17 20 2
11 22 3 20 11 2
16 21 3 16 17 2
17 19 11 2 9 21 3 20 9 2
11 15 18 7 2 13 21 3 13 15 2
18 21 3 18 18 20 2
18 2 7 21 3 7 20 2
19 20 2 11 22 3 11 20 2
16 5 10 2 5 22 3 17 5 10 2
14 22 3 14 15 2
8 21 3 8 9 2
19 21 3 19 17 2
5 21 3 5 17 10 2
5 21 3 5 20 2
5 22 3 10 5 2
17 22 3 17 10 2
15 21 3 16 15 2
18 21 3 18 10 2
11 21 3 11 7 20 2
16 2 11 22 3 11 7 20 2
11 22 3 11 7 2
16 22 3 16 17 2
15 7 10 20 2 9 22 3 9 18 18 2
9 14 2 5 21 3 5 10 17 2
20 21 3 20 18 2
19 22 3 19 20 2
11 21 3 11 7 20 17 2
18 21 3 18 20 2
18 21 3 9 18 9 2
17 21 3 17 9 2
16 22 3 16 17 2
18 22 3 18 18 20 2
5 22 3 5 20 2
17 22 3 17 9 2
14 21 3 14 13 15 2
18 21 3 18 9 2
5 21 3 5 5 10 2
18 22 3 18 10 2
17 2 14 22 3 14 10 2
17 21 3 17 10 2
10 19 2 16 22 3 16 16 10 2
11 22 3 11 5 7 20 2
7 19 13 2 17 22 3 17 10 2
11 21 3 11 7 20 2
11 22 3 7 11 2
5 22 3 5 16 2
17 22 3 17 16 2
8 16 2 17 21 3 17 9 2
5 21 3 5 20 2
19 18 2 11 21 3 11 20 14 2
5 16 2 17 21 3 17 10 2
11 21 3 7 11 2
20 22 3 20 15 2
9 21 3 18 9 12 2
13 11 12 11 2 11 22 3 16 8 11 2
7 21 3 7 17 2
18 21 3 18 18 20 2
16 9 18 2 8 22 3 8 9 2
17 21 3 17 10 2
8 21 3 7 8 17 2
18 21 3 18 11 2
6 21 3 6 2
10 10 7 13 2 14 21 3 20 14 2
17 5 14 14 2 18 21 3 18 18 20 2
5 22 3 5 17 10 9 2
5 21 3 5 10 2
11 22 3 7 11 20 2
11 2 15 21 3 15 10 2
10 22 3 15 10 2
11 22 3 16 11 2
20 22 3 20 18 2
10 21 3 17 10 2
10 2 19 22 3 19 20 2
5 14 15 10 2 17 22 3 17 9 7 2
19 21 3 19 15 2
18 22 3 18 9 9 2
17 21 3 17 9 2
18 21 3 18 9 2
17 21 3 17 16 2
14 22 3 14 10 2
16 21 3 16 20 2
20 2 11 21 3 11 20 2
11 22 3 20 11 2
16 9 15 2 19 21 3 19 17 2
8 22 3 8 10 11 2
5 20 2 11 22 3 11 20 2
5 21 3 5 17 2
15 14 2 15 21 3 15 10 2
11 21 3 20 11 2
17 22 3 17 20 2
20 18 2 18 21 3 18 20 2
12 7 2 16 22 3 16 17 2
12 11 11 2 16 22 3 16 17 2
20 18 2 18 22 3 20 18 2
16 22 3 16 20 2
5 22 3 5 10 2
18 21 3 18 18 20 2
19 22 3 9 19 2
9 19 17 2 18 21 3 18 9 2
16 22 3 16 10 2
11 22 3 11 20 2
7 19 2 7 22 3 20 7 2
19 7 8 17 2 20 21 3 18 20 2
11 21 3 7 11 2
18 22 3 18 11 2
7 10 5 8 2 18 21 3 18 10 2
19 22 3 19 9 2
19 20 2 11 21 3 11 20 2
11 21 3 7 11 2
18 21 3 18 9 2
20 22 3 20 17 18 2
20 21 3 11 20 2
11 22 3 7 11 2
19 5 9 8 2 11 21 3 11 7 20 2
17 21 3 17 16 2
16 22 3 16 20 10 2
12 2 7 22 3 20 7 2
11 22 3 11 16 2
9 17 2 8 22 3 19 8 9 2
20 21 3 20 15 2
10 21 3 10 10 15 2
16 7 2 9 21 3 9 12 2
15 22 3 15 20 2
19 15 2 10 21 3 17 10 2
16 21 3 16 9 2
8 22 3 8 9 2
9 19 2 19 22 3 17 19 2
20 22 3 18 20 2
19 20 7 7 2 18 22 3 18 9 2
8 2 20 21 3 20 15 18 2
11 9 2 10 22 3 10 10 2
11 20 2 5 22 3 5 17 2
18 11 2 13 21 3 9 13 2
5 22 3 5 10 2
5 17 2 16 21 3 16 20 2
18 21 3 18 18 20 2
11 22 3 11 16 2
16 21 3 16 20 2
19 21 3 19 15 2
18 22 3 11 18 2
16 21 3 16 20 2
20 22 3 20 11 2
11 2 9 22 3 18 9 2
16 11 20 2 16 21 3 16 20 2
16 22 3 16 17 2
11 21 3 11 7 2
17 18 15 2 16 21 3 16 9 2
16 22 3 16 10 2
18 21 3 18 18 2
17 22 3 17 20 2
5 22 3 5 17 10 2
17 9 2 6 21 3 6 9 2
11 22 3 20 11 2
8 2 13 22 3 13 15 2
5 21 3 5 17 10 2
17 12 2 18 22 3 18 11 2
18 21 3 18 10 2
8 2 18 21 3 20 18 11 2
17 22 3 17 16 2
15 16 2 6 22 3 6 2
17 22 3 17 16 2
16 22 3 16 10 2
17 22 3 17 9 2
16 22 3 16 10 2
19 22 3 19 20 2
13 17 20 2 5 22 3 5 16 2
5 21 3 5 20 2
8 22 3 8 10 2
16 22 3 16 20 2
8 22 3 8 16 2
17 22 3 17 10 2
20 22 3 20 15 2
17 21 3 17 20 2
11 21 3 11 16 2
17 22 3 17 16 2
5 21 3 5 17 2
17 21 3 17 9 10 2
11 8 2 11 21 3 11 20 2
15 10 2 17 21 3 17 9 2
17 10 2 18 21 3 18 20 2
17 21 3 17 16 2
18 21 3 18 9 2
18 22 3 18 11 10 2
9 9 17 2 18 21 3 8 18 18 20 2
11 22 3 11 20 2
16 19 17 16 2 8 21 3 8 10 2
11 2 5 21 3 5 17 10 2
18 22 3 18 9 2
10 22 3 15 14 10 2
13 5 9 19 2 15 22 3 15 16 2
14 21 3 14 19 20 2
16 10 16 14 2 9 21 3 9 18 2
16 22 3 16 10 2
5 21 3 5 17 2
15 16 2 6 22 3 6 2
9 22 3 9 20 2
18 20 18 2 20 21 3 20 18 2
5 22 3 5 10 2
16 10 7 12 2 11 22 3 20 10 11 2
20 21 3 20 15 2
20 2 15 22 3 15 16 2
18 21 3 18 20 2
16 19 14 2 17 21 3 17 10 2
19 18 11 2 12 22 3 12 9 2
8 12 7 2 20 22 3 20 7 2
17 22 3 17 20 2
19 2 10 21 3 10 15 2
19 2 8 21 3 9 8 17 2
10 15 2 16 21 3 17 16 2
12 17 2 17 21 3 17 10 2
20 22 3 20 11 2
5 22 3 5 10 2
17 22 3 17 10 2
20 22 3 7 20 2
9 22 3 9 20 2
5 21 3 5 16 2
16 21 3 16 10 2
17 22 3 17 20 2
20 22 3 20 18 2
16 22 3 10 16 2
16 21 3 16 17 2
16 22 3 16 13 17 2
6 22 3 6 9 2
19 20 2 11 21 3 11 20 2
16 21 3 16 20 2
17 21 3 17 9 2
17 22 3 17 10 2
16 22 3 16 9 2
20 22 3 20 15 2
18 22 3 18 10 2
18 2 14 22 3 15 14 2
17 21 3 17 20 2
15 13 13 17 2 16 22 3 16 20 9 2
17 21 3 17 16 2
18 21 3 18 18 20 2
20 21 3 20 7 2
15 10 7 2 18 21 3 18 9 12 2
19 21 3 19 17 2
17 9 2 6 22 3 6 9 2
18 8 15 2 18 22 3 16 18 20 2
14 22 3 10 14 2
9 22 3 9 18 2
10 15 2 16 21 3 16 17 2
18 21 3 18 20 2
11 22 3 11 20 2
18 21 3 18 20 2
7 2 20 22 3 20 15 2
18 21 3 18 9 2
19 21 3 19 15 2
19 22 3 19 17 2
19 22 3 19 17 2
11 22 3 11 7 20 2
16 5 13 2 16 21 3 10 16 18 2
17 21 3 17 9 2
7 21 3 7 10 2
16 22 3 9 16 2
17 10 2 18 21 3 18 20 2
5 22 3 5 20 2
15 13 2 12 22 3 9 12 2
7 11 16 2 16 22 3 16 12 9 2
7 17 9 2 14 22 3 14 10 2
19 21 3 19 20 2
16 21 3 16 5 20 2
5 21 3 5 10 2
5 16 2 17 21 3 17 10 2
17 22 3 17 16 2
16 21 3 16 10 2
20 22 3 20 18 2
19 21 3 19 17 2
19 22 3 19 15 2
11 21 3 11 7 20 2
11 22 3 11 20 2
17 22 3 17 9 2
17 22 3 17 16 2
5 16 2 17 22 3 10 17 2
20 21 3 20 15 2
20 21 3 20 11 2
10 7 12 2 14 22 3 11 20 14 2
20 21 3 20 11 11 2
9 22 3 9 17 2
16 22 3 16 9 2
14 13 16 8 2 19 21 3 20 19 2
17 22 3 17 20 2
15 11 2 16 21 3 16 9 2
15 16 2 6 22 3 6 2
20 22 3 20 11 2
7 22 3 7 7 17 2
18 22 3 18 9 2
17 21 3 17 10 2
19 22 3 5 19 17 2
20 13 10 8 2 12 21 3 9 12 2
19 7 11 16 2 14 21 3 14 10 2
16 21 3 9 16 2
11 21 3 7 16 11 2
19 22 3 19 9 2
5 10 12 8 2 18 22 3 10 10 18 2
10 15 2 16 21 3 16 17 2
14 15 8 12 2 18 22 3 18 11 2
17 21 3 17 20 2
19 22 3 19 9 2
17 21 3 17 9 2
7 22 3 20 7 5 2
6 22 3 6 9 2
5 21 3 16 5 2
18 2 20 22 3 20 18 2
17 20 17 2 9 22 3 9 17 2
17 21 3 17 10 2
19 21 3 19 9 2
5 22 3 5 16 2
11 22 3 11 16 20 2
9 21 3 9 12 2
5 22 3 5 20 2
10 5 13 2 15 21 3 15 17 15 2
17 22 3 17 9 2
13 22 3 13 15 2
13 2 19 22 3 19 15 2
15 11 2 11 22 3 11 20 2
17 22 3 17 9 2
16 21 3 17 16 2
18 21 3 18 16 10 2
17 22 3 17 20 2
11 22 3 11 7 20 2
12 12 2 20 21 3 18 20 19 2
11 22 3 11 16 2
18 21 3 18 20 2
9 16 17 2 18 21 3 18 9 2
7 22 3 7 17 2
5 17 2 16 22 3 16 20 2
11 22 3 11 7 2
16 22 3 16 10 2
10 7 9 2 8 22 3 8 14 17 2
20 22 3 5 20 15 2
20 21 3 20 7 2
5 7 19 2 5 21 3 5 17 2
10 22 3 10 15 2
17 21 3 17 16 2
18 18 17 8 2 8 21 3 8 16 2
5 21 3 5 20 2
5 7 18 2 11 21 3 11 7 20 2
17 22 3 17 20 2
15 2 17 22 3 9 17 2
5 22 3 5 16 2
5 22 3 5 20 2
14 11 5 2 19 22 3 7 19 15 2
13 18 13 7 2 18 21 3 10 18 2
18 22 3 18 20 2
12 17 2 19 22 3 15 13 19 2
11 8 14 2 11 22 3 11 20 2
16 22 3 16 20 2
18 21 3 20 18 2
11 21 3 11 7 20 2
11 21 3 20 11 2
11 21 3 7 11 2
10 22 3 5 10 17 2
5 22 3 5 10 2
19 20 12 2 9 21 3 9 20 2
20 21 3 20 11 2
17 18 2 6 22 3 15 6 2
19 22 3 19 20 2
18 21 3 18 20 11 2
17 22 3 17 16 2
15 16 2 6 21 3 6 2
16 21 3 16 20 2
17 21 3 10 17 2
10 7 18 2 18 21 3 18 10 2
18 21 3 18 16 10 2
5 22 3 5 20 2
16 22 3 17 16 2
11 22 3 20 11 2
20 18 2 18 22 3 18 20 2
20 22 3 20 15 18 2
17 22 3 17 16 2
14 5 14 2 18 21 3 20 18 2
18 22 3 18 18 20 2
11 22 3 7 11 2
5 2 8 22 3 17 8 2
17 22 3 17 16 2
8 16 2 17 21 3 17 9 2
18 22 3 18 20 2
16 21 3 16 17 2
12 12 13 20 2 17 22 3 17 10 2
8 21 3 8 17 2
19 2 18 22 3 18 11 2
10 22 3 15 10 2
16 20 17 10 2 11 21 3 15 20 11 2
15 22 3 20 15 2
20 22 3 20 15 2
9 21 3 9 17 2
16 20 12 2 14 21 3 9 14 20 2
17 21 3 17 10 2
16 21 3 16 9 2
10 20 2 11 21 3 11 7 10 20 2
17 22 3 17 9 2
16 22 3 16 17 2
18 21 3 11 18 2
11 21 3 7 11 2
17 22 3 17 10 2
17 21 3 17 10 2
18 20 2 14 21 3 18 14 2
19 21 3 19 17 2
16 2 20 21 3 20 15 2
11 22 3 11 7 20 2
17 22 3 17 10 2
17 2 14 21 3 14 20 2
8 21 3 8 16 2
8 2 13 21 3 13 9 2
17 15 2 19 22 3 20 19 2
19 22 3 19 9 2
8 14 12 2 20 21 3 20 7 2
19 22 3 19 20 2
9 22 3 9 20 2
11 22 3 20 11 2
11 22 3 11 20 2
11 21 3 11 16 2
7 2 6 21 3 15 6 14 2
11 20 2 18 21 3 18 11 2
7 22 3 7 20 8 2
19 22 3 19 15 2
16 21 3 16 20 2
18 10 2 6 21 3 14 6 2
18 22 3 18 18 20 2
18 17 12 2 11 22 3 16 11 2
19 14 2 20 21 3 16 20 7 2
16 22 3 16 20 2
18 21 3 18 18 20 2
15 10 16 2 11 21 3 11 16 2
16 11 9 2 18 22 3 20 18 2
17 22 3 17 20 2
19 22 3 19 15 2
18 22 3 18 10 2
20 21 3 20 11 2
16 21 3 16 10 2
11 21 3 7 11 2
7 2 18 22 3 18 20 11 2
10 22 3 17 10 2
18 22 3 18 20 2
13 21 3 13 9 2
18 2 18 22 3 18 18 20 2
8 22 3 8 16 2
10 21 3 10 10 2
19 22 3 19 15 2
18 8 2 13 21 3 13 9 2
12 10 14 20 2 15 21 3 15 10 2
17 22 3 17 9 2
15 13 2 17 21 3 17 10 2
11 21 3 11 20 2
16 21 3 9 16 2
8 18 2 16 21 3 16 9 2
11 22 3 20 11 2
13 2 10 22 3 15 10 2
11 21 3 11 16 2
20 22 3 20 15 2
16 21 3 16 9 2
5 2 15 22 3 20 15 2
20 22 3 20 7 2
17 21 3 17 10 2
17 22 3 17 10 2
13 7 2 6 21 3 6 6 2
17 22 3 17 9 2
11 21 3 11 7 20 2
11 21 3 7 11 2
19 21 3 20 19 2
12 21 3 12 18 20 2
13 16 2 17 22 3 17 16 2
9 14 12 2 19 21 3 19 20 2
19 10 2 12 21 3 12 10 9 2
20 22 3 7 20 2
7 21 3 20 7 2
19 21 3 19 17 2
11 15 2 18 21 3 18 18 20 2
20 21 3 20 15 2
19 21 3 19 20 2
16 21 3 16 9 2
15 10 17 2 18 22 3 16 18 10 2
14 11 2 11 22 3 19 7 11 2
17 10 2 18 22 3 18 20 2
18 11 2 13 22 3 13 9 2
19 21 3 20 19 2
17 17 2 16 22 3 10 16 2
11 22 3 11 16 2
5 22 3 5 10 2
11 22 3 7 11 2
18 21 3 10 18 2
13 11 20 2 12 22 3 12 9 2
11 16 2 16 22 3 16 9 2
13 2 20 22 3 20 13 7 2
10 15 2 16 21 3 16 17 2
17 22 3 17 10 2
5 22 3 5 10 2
16 5 8 7 2 20 21 3 18 20 2
9 22 3 9 20 2
5 18 2 20 22 3 20 18 2
19 22 3 19 15 2
15 21 3 15 10 2
20 21 3 20 18 2
20 21 3 20 7 2
17 22 3 17 16 2
14 21 3 14 20 2
18 21 3 9 18 2
11 22 3 11 16 2
13 22 3 13 17 2
15 22 3 15 17 2
5 9 2 18 21 3 18 20 2
5 21 3 16 5 17 2
17 22 3 17 16 2
11 22 3 20 11 2
15 2 12 21 3 12 9 2
14 14 2 13 21 3 17 13 2
13 5 2 20 22 3 20 11 2
11 22 3 7 11 2
7 21 3 7 20 2
5 22 3 5 12 10 2
19 15 2 10 21 3 17 10 2
8 21 3 8 9 7 2
13 17 8 8 2 19 22 3 19 20 2
20 21 3 20 11 2
5 22 3 5 20 2
18 22 3 18 9 2
12 2 14 22 3 14 15 2
5 22 3 5 16 2
19 22 3 19 20 2
17 21 3 17 9 2
15 2 10 22 3 10 15 2
20 22 3 20 11 2
17 22 3 17 10 2
11 21 3 11 7 2
8 21 3 8 12 16 2
16 11 20 2 20 22 3 20 15 18 2
20 21 3 20 15 2
18 20 9 20 2 13 22 3 13 9 2
20 22 3 20 18 2
16 22 3 16 20 2
7 14 8 2 7 22 3 7 10 2
11 21 3 7 11 20 2
17 21 3 17 9 2
17 21 3 17 10 2
20 22 3 20 7 2
5 22 3 5 20 2
16 2 11 22 3 11 20 2
17 21 3 17 16 2
19 22 3 19 17 2
5 21 3 5 16 2
18 21 3 18 10 2
16 22 3 16 10 2
20 21 3 20 11 2
16 21 3 16 17 2
13 22 3 13 17 2
20 21 3 20 18 2
8 21 3 8 9 2
19 21 3 19 17 2
16 11 2 5 22 3 10 5 10 2
15 20 2 20 21 3 20 11 2
16 2 11 22 3 7 11 2
11 22 3 7 11 2
20 13 14 2 11 22 3 11 16 2
18 10 2 8 21 3 8 16 2
18 22 3 18 20 2
18 2 8 22 3 8 16 2
16 21 3 16 20 2
5 22 3 5 16 2
13 2 15 22 3 15 10 2
5 21 3 5 17 2
15 22 3 15 20 2
5 22 3 5 17 2
5 17 2 16 21 3 20 16 2
11 21 3 11 16 2
11 22 3 11 20 2
18 22 3 18 11 2
17 20 20 2 19 21 3 16 17 19 2
20 10 19 19 2 16 21 3 16 10 18 2
17 21 3 17 10 2
18 22 3 18 20 2
9 21 3 9 20 2
6 21 3 15 6 2
11 13 5 2 20 21 3 18 20 2
11 21 3 7 11 2
5 22 3 5 20 2
18 21 3 18 9 2
15 17 2 7 21 3 7 20 2
19 16 2 20 21 3 20 11 2
6 22 3 15 6 2
16 22 3 16 17 2
19 8 5 2 8 22 3 8 17 7 2
18 22 3 18 13 18 20 2
20 22 3 20 18 2
5 22 3 5 10 17 2
20 22 3 20 7 2
5 2 17 21 3 17 20 2
7 22 3 7 10 2
5 16 2 17 21 3 17 10 2
16 22 3 16 9 2
12 18 2 7 21 3 7 15 20 2
8 18 2 15 21 3 15 10 2
19 22 3 19 9 2
15 11 7 2 20 22 3 18 20 2
5 16 2 19 21 3 9 19 2
18 22 3 18 20 2
9 22 3 9 12 2
18 21 3 18 11 2
13 19 2 19 21 3 19 17 2
19 21 3 19 17 2
17 22 3 17 10 2
16 21 3 16 20 2
17 22 3 17 16 2
5 17 2 16 22 3 20 16 2
18 13 5 13 2 6 21 3 6 2
16 21 3 16 10 2
18 20 2 14 22 3 14 18 2
19 21 3 19 15 2
20 22 3 20 7 2
17 22 3 17 20 7 2
14 9 20 15 2 9 21 3 9 15 17 2
19 15 2 10 21 3 10 17 2
19 21 3 19 17 2
8 15 5 2 18 21 3 18 11 2
18 22 3 18 10 2
11 21 3 11 20 2
13 22 3 9 13 2
15 16 2 6 21 3 6 2
7 11 2 19 21 3 5 19 15 2
16 22 3 16 20 2
17 22 3 17 16 2
12 7 9 2 11 22 3 11 20 2
19 21 3 19 17 2
16 21 3 16 17 2
19 2 18 21 3 18 20 18 2
18 11 11 15 2 10 22 3 10 15 2
19 21 3 19 20 2
11 22 3 7 20 2
15 22 3 15 16 2
16 22 3 16 10 2
11 21 3 20 11 2
17 2 11 22 3 7 11 2
5 21 3 5 20 2
18 22 3 18 20 2
20 16 12 13 2 15 21 3 15 16 2
20 21 3 20 15 2
5 22 3 5 20 2
18 15 12 11 2 19 21 3 19 15 2
17 2 14 22 3 14 10 2
19 9 9 2 11 21 3 7 11 13 2
5 21 3 5 17 2
15 21 3 15 17 2
8 18 13 2 11 22 3 20 11 2
16 2 5 21 3 5 17 10 2
14 5 13 16 2 8 21 3 17 8 2
20 21 3 20 18 2
10 21 3 10 10 2
20 21 3 20 15 2
15 12 2 9 22 3 17 9 2
17 22 3 17 10 2
19 21 3 19 17 2
19 21 3 19 15 2
12 22 3 12 9 2
5 22 3 5 17 2
18 21 3 18 20 2
11 21 3 11 20 7 2
16 22 3 16 17 2
18 21 3 18 18 20 2
18 21 3 18 18 20 2
11 21 3 11 16 2
11 10 13 12 2 17 21 3 16 17 2
18 21 3 18 18 20 2
17 7 2 11 22 3 11 20 2
5 21 3 5 17 10 2
5 22 3 5 17 10 2
11 22 3 11 20 2
19 15 2 10 22 3 17 10 2
19 21 3 19 17 2
20 22 3 20 11 2
18 22 3 18 9 2
5 22 3 5 20 2
11 21 3 11 20 2
19 22 3 19 9 2
18 22 3 18 9 2
8 9 12 2 10 21 3 15 10 2
18 20 2 14 22 3 18 14 2
11 21 3 11 7 20 2
11 22 3 11 16 2
12 14 19 16 2 13 21 3 13 9 7 2
9 21 3 17 9 2
14 15 2 8 22 3 10 16 8 2
15 21 3 15 16 2
11 14 12 17 2 17 22 3 9 17 2
15 22 3 15 10 2
18 22 3 18 18 20 2
5 10 5 11 2 5 21 3 5 16 2
19 22 3 19 15 2
5 21 3 5 17 2
18 20 2 14 22 3 14 18 2
7 21 3 20 7 14 2
18 22 3 18 9 2
18 21 3 18 11 2
13 13 2 20 22 3 20 15 2
17 22 3 17 20 2
20 21 3 20 11 2
16 22 3 16 9 2
18 21 3 18 10 2
5 16 2 18 22 3 18 9 2
19 21 3 19 17 2
10 2 12 22 3 12 9 2
11 22 3 7 11 2
11 22 3 11 20 2
8 21 3 8 16 2
15 15 2 20 22 3 20 15 2
5 2 8 21 3 8 17 2
17 22 3 17 10 2
11 21 3 11 20 2
14 21 3 14 14 15 2
20 21 3 20 18 2
5 2 18 21 3 10 18 20 2
11 21 3 11 16 2
16 9 2 13 21 3 13 15 2
14 7 15 2 7 21 3 13 7 10 2
19 22 3 19 20 2
17 21 3 17 10 2
20 22 3 20 7 2
13 21 3 15 13 2
12 2 20 21 3 20 16 15 2
16 21 3 16 20 2
7 21 3 20 7 2
7 16 9 19 2 11 22 3 11 20 2
15 22 3 16 15 2
9 12 11 10 2 12 21 3 9 12 2
13 10 2 18 21 3 18 10 2
5 21 3 5 20 2
17 21 3 17 20 2
11 10 2 11 21 3 20 11 2
12 22 3 12 20 2
18 10 18 17 2 11 21 3 11 7 20 2
18 21 3 18 11 2
8 16 2 17 22 3 17 9 2
19 10 12 16 2 13 21 3 13 15 2
20 21 3 20 18 2
8 2 17 21 3 17 20 2
5 21 3 5 20 2
16 21 3 16 17 2
14 15 12 13 2 11 22 3 11 16 13 2
7 8 16 15 2 12 21 3 12 20 2
18 13 10 11 2 11 22 3 16 11 2
20 17 16 2 9 22 3 9 18 2
17 15 10 2 17 22 3 8 9 17 2
11 21 3 11 16 2
18 2 8 21 3 8 10 2
19 21 3 19 20 2
20 21 3 20 11 2
8 22 3 8 17 2
15 16 2 6 21 3 6 2
18 22 3 18 20 2
19 17 12 13 2 16 21 3 16 17 2
20 22 3 20 15 2
17 22 3 17 10 9 2
9 21 3 12 9 2
15 8 9 2 12 22 3 9 12 2
11 21 3 16 11 2
9 22 3 9 20 2
18 22 3 18 20 2
19 21 3 17 19 2
11 22 3 11 16 2
14 5 13 11 2 19 22 3 19 17 2
14 19 8 2 12 22 3 12 20 2
16 2 19 21 3 19 7 15 2
5 2 11 21 3 11 7 20 2
11 22 3 7 11 2
15 2 12 21 3 9 12 15 2
11 22 3 11 12 20 2
18 22 3 18 9 2
17 21 3 10 17 2
18 7 12 2 5 21 3 5 10 18 2
18 22 3 18 11 2
5 21 3 5 17 10 2
19 22 3 19 20 2
20 18 2 18 21 3 18 20 2
17 22 3 17 16 2
5 22 3 5 20 2
18 22 3 18 11 2
18 22 3 18 9 2
20 21 3 20 18 2
20 22 3 20 11 2
20 21 3 20 15 11 2
18 22 3 18 11 2
17 21 3 17 20 2
10 17 5 7 2 7 22 3 20 7 2
8 2 17 21 3 17 10 2
11 22 3 7 11 2
18 22 3 20 18 2
14 22 3 14 20 2
18 21 3 18 11 2
20 21 3 20 7 2
17 2 13 22 3 13 17 2
10 20 9 2 6 21 3 6 9 2
9 5 2 11 21 3 5 20 11 2
18 22 3 18 10 2
20 21 3 20 18 2
5 21 3 5 17 2
18 18 14 9 2 17 21 3 17 10 2
16 22 3 16 17 2
17 22 3 17 16 2
19 22 3 19 20 2
9 2 18 21 3 18 11 2
19 22 3 19 15 2
11 15 9 2 11 22 3 20 11 2
5 22 3 17 5 2
20 22 3 20 18 2
11 22 3 20 8 11 2
5 19 5 2 5 22 3 5 20 2
16 22 3 16 9 2
11 2 8 21 3 8 17 2
11 16 2 16 21 3 16 9 2
20 22 3 20 15 2
10 21 3 10 10 2
20 21 3 20 11 2
15 21 3 15 10 2
19 22 3 9 19 2
5 22 3 5 20 2
16 22 3 16 17 2
19 22 3 19 15 2
17 22 3 17 9 2
11 21 3 20 11 2
19 21 3 19 20 17 2
13 2 8 22 3 8 9 2
19 21 3 19 20 2
20 21 3 20 18 2
9 11 19 2 20 21 3 15 20 2
5 21 3 5 10 2
12 21 3 12 20 2
11 22 3 7 11 2
15 2 16 22 3 17 16 2
14 21 3 14 20 2
18 21 3 18 10 2
13 16 16 17 2 18 21 3 18 20 14 2
17 21 3 17 20 2
5 22 3 5 17 10 2
5 16 2 17 22 3 10 17 2
20 22 3 20 11 2
15 21 3 15 17 2
8 21 3 8 10 2
18 12 2 18 22 3 18 18 20 2
7 2 8 22 3 10 8 2
17 2 19 22 3 17 19 2
18 21 3 18 18 20 2
11 21 3 7 11 2
10 22 3 10 10 2
18 2 11 22 3 11 7 20 2
19 2 19 21 3 19 20 2
17 22 3 17 9 2
20 21 3 20 11 2
9 2 11 22 3 11 20 2
16 22 3 16 9 2
13 21 3 15 13 2
19 2 16 21 3 16 9 2
13 21 3 17 13 2
19 21 3 19 17 2
18 2 16 21 3 10 16 2
12 19 15 2 9 21 3 9 17 2
7 19 12 19 2 15 21 3 15 16 2
17 21 3 17 20 2
19 22 3 19 15 2
5 19 19 2 11 21 3 7 19 11 2
5 17 2 16 22 3 10 17 16 2
5 13 14 2 8 22 3 8 10 2
18 22 3 18 9 2
9 2 13 21 3 13 14 17 2
19 22 3 19 17 2
17 5 2 5 22 3 5 10 2
15 19 2 18 22 3 18 11 2
20 22 3 20 7 2
7 22 3 7 17 2
18 21 3 18 18 20 2
17 12 12 2 11 21 3 15 11 7 20 2
5 20 2 11 22 3 11 20 2
8 22 3 8 10 2
20 22 3 20 7 2
20 22 3 20 11 2
9 19 13 12 2 5 21 3 5 17 2
16 22 3 16 9 2
11 5 11 2 17 21 3 17 9 2
14 14 20 19 2 10 22 3 17 10 2
20 9 2 15 21 3 16 15 10 2
7 22 3 20 7 2
18 11 2 13 22 3 9 13 2
15 2 12 21 3 20 8 12 2
18 18 20 8 2 17 21 3 10 17 2
11 19 9 5 2 20 21 3 20 11 7 2
16 21 3 16 20 2
16 20 2 9 21 3 12 9 15 2
19 22 3 12 19 20 2
8 21 3 10 8 2
20 21 3 20 18 2
5 22 3 5 16 2
19 22 3 19 15 2
5 21 3 19 5 20 2
13 22 3 17 13 2
5 21 3 5 17 10 2
19 21 3 19 9 2
19 21 3 19 15 2
17 21 3 17 9 2
18 21 3 18 18 20 2
16 22 3 16 11 20 2
8 20 19 2 11 21 3 20 11 2
8 21 3 8 9 2
14 22 3 10 14 2
5 21 3 5 16 2
15 13 14 13 2 5 22 3 20 5 2
14 2 8 21 3 8 16 2
7 21 3 7 17 2
14 21 3 14 10 2
15 22 3 15 19 17 2
8 22 3 8 16 2
16 21 3 16 10 2
12 8 13 2 20 22 3 20 11 2
14 16 2 7 21 3 20 7 2
17 21 3 17 10 2
19 22 3 19 20 2
17 21 3 17 9 2
20 21 3 20 11 2
9 17 18 9 2 5 21 3 5 20 2
5 22 3 5 16 2
18 11 2 13 22 3 13 9 2
16 22 3 16 9 2
16 22 3 16 10 18 2
7 22 3 20 7 2
16 9 13 13 2 5 21 3 5 20 2
11 22 3 11 7 8 20 2
5 22 3 5 17 10 2
16 21 3 16 20 2
10 22 3 15 10 2
10 2 9 22 3 9 20 2
18 22 3 20 18 2
11 21 3 11 16 2
10 10 2 6 21 3 6 9 2
18 22 3 18 10 2
15 2 10 21 3 10 17 2
16 5 14 2 13 22 3 13 15 2
19 9 5 2 18 21 3 18 9 15 2
9 10 20 13 2 17 22 3 17 20 2
5 22 3 5 17 10 2
14 16 2 18 22 3 18 11 2
10 18 20 11 2 9 22 3 9 12 2
16 21 3 16 10 2
19 21 3 19 20 2
12 2 10 22 3 10 17 14 2
17 22 3 17 9 2
16 22 3 16 9 2
19 21 3 19 15 2
5 22 3 5 17 10 2
18 22 3 18 18 20 2
7 20 13 7 2 20 21 3 20 7 2
16 5 9 2 6 22 3 6 2
15 16 2 6 22 3 6 2
7 21 3 7 10 2
18 21 3 18 11 2
11 22 3 7 11 2
19 10 10 13 2 15 21 3 15 16 2
17 22 3 19 17 16 2
11 17 2 18 21 3 10 16 18 2
7 22 3 7 20 2
17 22 3 20 17 2
9 21 3 20 9 2
11 22 3 11 16 2
8 12 2 5 21 3 5 17 10 2
17 21 3 17 10 2
11 21 3 7 11 20 2
7 2 20 22 3 20 11 2
16 7 12 2 5 22 3 5 20 2
18 11 2 13 22 3 9 13 2
17 22 3 17 9 2
18 13 12 15 2 11 22 3 11 16 2
20 21 3 20 7 2
16 21 3 16 9 2
20 22 3 20 15 2
18 2 5 21 3 5 16 2
19 21 3 20 19 2
18 21 3 18 18 20 2
19 20 2 11 22 3 11 20 2
20 19 11 2 9 21 3 9 11 17 2
13 22 3 13 17 2
20 21 3 20 15 2
10 15 2 16 22 3 16 17 2
11 21 3 7 11 2
17 22 3 10 17 2
18 21 3 18 9 2
11 21 3 7 11 2
18 22 3 18 20 2
11 22 3 7 11 2
19 21 3 19 15 2
16 5 13 9 2 18 22 3 18 9 2
11 21 3 11 16 2
18 22 3 18 10 2
20 22 3 20 15 2
19 21 3 19 20 2
9 20 2 5 21 3 5 10 2
7 5 2 18 22 3 18 11 2
18 21 3 18 11 2
20 22 3 20 7 2
9 22 3 17 9 2
10 22 3 10 15 2
20 21 3 20 15 2
18 22 3 18 18 20 2
19 21 3 19 15 2
5 22 3 10 5 20 2
11 19 2 5 21 3 5 17 2
14 19 10 20 2 5 22 3 10 5 2
9 21 3 18 9 2
16 22 3 16 10 2
17 10 2 18 21 3 18 20 2
18 21 3 11 18 11 2
13 2 15 21 3 15 20 2
18 22 3 18 20 2
5 22 3 5 10 2
18 22 3 18 11 2
19 21 3 9 19 2
20 22 3 15 20 2
18 8 7 9 2 19 21 3 19 15 2
18 22 3 18 20 2
20 21 3 20 15 2
5 22 3 5 16 2
17 22 3 17 20 2
10 10 20 2 8 22 3 8 17 2
20 11 20 2 17 21 3 17 16 2
14 22 3 14 20 2
17 21 3 17 16 2
16 22 3 16 20 2
20 22 3 20 11 2
15 9 5 2 20 22 3 20 11 2
15 22 3 15 17 2
20 22 3 20 15 2
8 21 3 8 9 2
20 2 8 21 3 8 9 2
19 20 19 13 2 17 21 3 17 20 2
10 21 3 15 10 2
17 21 3 17 20 2
19 21 3 19 15 2
16 21 3 16 10 2
8 14 12 2 17 21 3 17 9 2
18 21 3 18 20 2
11 21 3 11 20 2
20 19 2 17 22 3 20 17 20 2
13 2 20 21 3 20 11 2
18 22 3 18 11 2
5 22 3 5 16 2
16 21 3 16 10 2
11 22 3 7 11 12 2
5 21 3 5 20 2
17 2 19 21 3 19 9 2
14 21 3 14 20 2
11 22 3 11 20 2
9 7 2 19 22 3 19 15 2
17 22 3 17 16 2
5 22 3 5 17 2
16 21 3 16 10 2
5 21 3 5 16 2
18 22 3 18 9 2
17 21 3 19 17 20 2
19 22 3 19 17 2
11 22 3 11 7 20 2
17 21 3 17 20 2
19 7 2 6 22 3 15 6 2
15 2 16 21 3 15 9 16 2
11 5 15 18 2 18 22 3 18 11 2
18 11 2 13 22 3 13 9 2
7 2 15 22 3 16 15 10 2
19 21 3 19 20 2
5 22 3 20 5 2
5 16 13 2 13 22 3 15 13 2
7 2 18 22 3 18 10 2
18 5 17 2 20 22 3 20 11 2
20 22 3 20 18 2
20 21 3 20 15 2
20 22 3 20 15 2
17 22 3 17 9 2
16 21 3 16 20 2
13 2 10 22 3 10 15 2
5 22 3 5 17 2
18 22 3 18 9 2
12 21 3 9 12 2
17 21 3 17 16 2
13 17 5 2 20 21 3 11 20 2
19 21 3 20 19 2
13 22 3 13 9 2
15 21 3 15 20 2
18 22 3 18 9 2
11 22 3 20 11 2
10 15 2 16 22 3 16 17 2
14 22 3 14 20 2
13 21 3 13 9 2
18 21 3 18 9 2
20 14 2 16 21 3 16 10 2
20 21 3 20 18 2
20 14 14 20 2 12 21 3 20 12 2
17 2 11 21 3 11 7 20 2
5 2 16 21 3 16 20 2
19 21 3 9 19 2
20 21 3 20 15 2
11 21 3 7 11 2
15 2 15 22 3 15 10 2
14 12 17 9 2 13 21 3 13 15 2
11 21 3 11 20 2
16 22 3 16 20 2
18 21 3 18 18 20 2
20 21 3 20 11 2
20 21 3 20 15 2
7 17 2 13 21 3 13 17 2
11 21 3 7 11 2
18 22 3 18 20 2
7 21 3 7 20 2
11 21 3 11 16 2
7 22 3 7 20 2
14 11 5 2 12 21 3 12 9 20 2
18 17 14 2 12 22 3 9 12 2
17 21 3 17 9 2
13 12 2 20 21 3 11 20 2
10 7 14 8 2 18 21 3 11 18 2
18 21 3 18 20 2
11 22 3 7 11 2
17 2 20 22 3 20 15 2
5 21 3 5 17 2
18 21 3 11 18 11 2
11 22 3 11 16 2
20 18 2 18 21 3 18 20 2
13 17 2 10 22 3 10 9 10 2
15 8 9 15 2 7 22 3 19 7 10 2
10 15 2 16 22 3 17 16 2
18 22 3 18 20 2
16 21 3 20 16 2
18 21 3 18 18 20 2
5 21 3 5 10 2
7 10 8 2 20 22 3 18 20 2
17 2 20 21 3 20 7 18 2
18 13 2 14 22 3 14 15 2
15 22 3 15 10 2
7 10 2 18 22 3 18 20 2
18 19 18 2 13 22 3 13 17 15 2
9 22 3 9 12 2
20 22 3 20 15 2
17 21 3 17 9 2
18 21 3 18 9 2
20 22 3 20 7 2
15 22 3 15 20 2
5 13 2 20 22 3 20 15 2
20 22 3 20 11 2
10 17 5 10 2 11 21 3 7 11 2
18 21 3 18 9 2
7 11 2 17 22 3 17 16 13 2
14 2 9 21 3 9 12 18 2
19 22 3 19 9 2
15 16 2 6 21 3 6 2
19 22 3 19 9 2
19 21 3 19 9 2
17 22 3 17 10 2
9 21 3 9 18 2
10 2 11 21 3 7 14 11 2
12 2 16 21 3 16 20 2
20 21 3 20 18 2
18 20 2 14 22 3 14 18 2
10 20 2 18 22 3 18 9 2
17 22 3 17 9 2
20 18 2 18 21 3 18 20 2
20 2 7 21 3 7 10 2
18 22 3 10 18 2
16 7 17 5 2 6 22 3 15 6 2
7 20 7 14 2 11 21 3 11 7 15 2
17 22 3 17 16 2
10 22 3 15 10 2
8 13 16 11 2 9 22 3 9 18 2
5 22 3 5 16 2
7 15 5 12 2 15 21 3 15 20 2
5 20 2 11 21 3 11 20 2
9 15 2 15 22 3 15 16 2
17 7 13 2 17 22 3 17 20 2
11 21 3 20 11 2
18 22 3 18 14 20 2
16 2 18 21 3 18 10 2
12 2 14 21 3 14 20 2
9 2 10 21 3 10 15 14 2
10 2 16 22 3 16 20 2
9 15 12 2 18 21 3 10 18 2
14 21 3 14 15 2
20 2 18 22 3 18 18 20 2
5 21 3 5 17 2
9 9 19 2 20 22 3 11 20 2
18 22 3 18 20 2
19 21 3 17 19 2
20 22 3 20 11 2
17 21 3 17 20 2
5 22 3 5 16 2
5 21 3 5 10 2
16 21 3 16 17 2
5 22 3 5 20 2
11 21 3 7 11 2
11 21 3 20 11 2
5 16 2 17 21 3 10 17 2
20 22 3 20 15 2
17 22 3 17 9 2
11 21 3 11 7 20 2
20 18 2 18 22 3 18 20 2
10 22 3 10 10 2
18 22 3 18 18 9 2
17 21 3 17 10 2
16 21 3 16 10 2
19 22 3 19 9 2
15 18 9 2 11 22 3 11 16 2
17 9 10 2 14 21 3 14 10 2
20 22 3 20 11 2
20 2 11 22 3 11 16 2
20 22 3 20 11 11 2
18 22 3 18 9 2
17 18 10 2 15 21 3 15 16 2
5 21 3 5 16 2
17 22 3 17 16 2
17 22 3 17 16 2
8 21 3 8 17 2
12 15 2 12 21 3 20 12 2
11 22 3 20 11 2
16 21 3 16 9 2
16 21 3 16 20 2
13 2 14 21 3 14 20 2
20 16 2 18 22 3 18 10 2
11 21 3 20 11 2
5 22 3 5 17 2
17 2 12 21 3 12 20 2
17 22 3 17 16 2
18 22 3 18 20 2
5 21 3 5 16 2
19 21 3 19 17 2
5 22 3 5 17 2
17 11 7 15 2 9 22 3 9 18 2
19 22 3 17 19 2
20 2 11 22 3 11 7 20 2
16 22 3 16 17 2
5 22 3 5 17 2
16 21 3 16 17 5 2
8 15 7 5 2 17 22 3 17 10 2
17 21 3 16 17 2
18 21 3 18 11 2
5 21 3 5 17 10 14 2
19 22 3 9 19 2
19 22 3 19 9 2
8 5 2 9 21 3 9 17 2
5 17 2 16 22 3 16 20 2
5 12 2 18 22 3 18 9 2
8 16 2 19 22 3 19 20 2
8 22 3 8 9 2
15 13 2 7 21 3 7 10 2
11 21 3 7 11 2
17 21 3 17 10 2
14 2 17 21 3 16 5 17 2
15 9 7 2 18 22 3 18 20 18 2
19 21 3 19 20 2
11 20 2 20 22 3 18 20 2
17 21 3 17 20 2
11 21 3 11 20 2
17 11 12 2 18 21 3 18 10 2
12 2 9 22 3 9 17 2
19 22 3 19 17 2
10 7 18 2 20 22 3 20 7 2
17 22 3 17 20 2
17 2 18 21 3 18 18 20 2
18 21 3 18 10 2
19 21 3 19 20 2
19 21 3 19 7 15 2
6 22 3 15 6 2
15 16 7 5 2 15 22 3 8 15 10 2
16 21 3 16 20 2
20 22 3 20 15 2
17 21 3 10 17 2
7 13 15 12 2 18 22 3 9 18 2
19 10 8 2 18 21 3 9 18 2
8 21 3 16 8 2
5 12 13 2 19 22 3 19 9 13 2
8 22 3 8 9 2
15 22 3 15 20 2
17 16 15 19 2 17 22 3 17 10 2
18 22 3 18 10 2
7 22 3 7 20 2
5 11 2 8 21 3 8 16 2
16 22 3 16 10 2
10 15 2 16 21 3 16 17 2
11 17 18 11 2 16 22 3 16 17 2
11 22 3 11 20 2
11 14 2 16 22 3 20 16 2
17 9 19 19 2 10 21 3 10 17 2
7 20 2 5 22 3 10 5 10 2
18 13 2 10 22 3 10 15 2
8 22 3 10 8 2
16 21 3 16 9 2
15 22 3 15 20 10 2
11 21 3 20 11 2
11 2 8 21 3 8 17 2
15 22 3 17 15 2
9 7 16 2 19 21 3 19 15 2
16 22 3 16 7 20 2
19 22 3 19 15 2
16 21 3 16 20 2
11 22 3 20 11 2
16 2 17 22 3 16 17 7 2
19 21 3 15 19 2
6 21 3 6 9 2
16 8 18 2 20 21 3 20 8 11 2
11 11 2 16 21 3 16 9 2
7 5 15 2 11 22 3 20 11 2
19 9 2 9 21 3 9 12 2
19 13 16 5 2 20 22 3 20 7 2
7 8 15 11 2 6 21 3 6 9 2
19 21 3 19 15 2
15 22 3 15 16 19 2
18 21 3 18 11 2
19 14 11 11 2 12 21 3 9 12 2
13 2 20 22 3 11 20 2
18 21 3 18 20 2
16 10 19 9 2 20 22 3 20 11 2
8 21 3 8 10 2
16 2 20 21 3 20 7 2
19 22 3 10 19 20 2
13 12 10 18 2 19 21 3 17 19 2
18 22 3 18 10 2
11 21 3 7 7 11 2
15 21 3 15 17 2
11 22 3 20 11 2
14 2 17 21 3 9 17 2
20 21 3 20 7 2
18 21 3 18 9 2
16 21 3 16 20 2
16 12 16 2 15 22 3 8 15 20 2
20 22 3 20 15 2
14 8 9 2 10 21 3 10 10 12 2
5 22 3 5 16 2
11 22 3 7 11 2
11 22 3 16 11 2
10 8 2 15 21 3 15 10 2
7 7 2 20 21 3 20 18 2
12 22 3 12 17 9 2
16 22 3 16 17 2
20 9 15 14 2 10 22 3 10 15 2
20 21 3 20 11 2
5 21 3 5 16 2
17 21 3 17 16 2
11 2 13 22 3 12 9 13 2
9 14 13 7 2 11 22 3 7 11 2
11 21 3 11 7 20 2
18 21 3 18 11 2
19 21 3 19 9 2
18 22 3 10 18 2
20 22 3 20 7 2
19 22 3 19 15 2
5 21 3 5 16 2
18 11 2 13 21 3 13 9 2
19 21 3 19 15 2
7 15 2 5 21 3 5 16 2
18 21 3 18 11 2
16 21 3 16 20 2
12 21 3 9 12 14 2
7 8 2 9 22 3 9 20 2
5 21 3 10 5 2
8 12 2 20 21 3 20 7 2
16 21 3 16 16 10 2
19 19 12 11 2 11 21 3 20 11 2
16 18 16 2 6 21 3 6 2
5 21 3 5 16 2
11 21 3 7 11 2
8 16 2 17 21 3 9 17 2
13 18 2 17 22 3 17 20 2
15 22 3 15 16 2
18 21 3 14 18 20 2
20 22 3 20 7 2
15 2 8 22 3 10 8 2
11 22 3 11 16 2
7 12 12 17 2 13 22 3 13 17 2
14 7 5 2 8 22 3 8 9 2
16 21 3 16 9 2
8 2 6 21 3 15 6 2
17 21 3 17 16 2
20 22 3 20 7 2
17 21 3 17 16 2
5 22 3 5 16 16 2
18 21 3 18 9 2
15 2 5 22 3 5 20 2
11 22 3 19 11 16 2
7 11 8 2 13 22 3 13 9 2
5 22 3 5 20 2
19 16 2 11 22 3 11 16 2
15 17 9 2 8 22 3 8 9 2
14 8 15 2 17 22 3 5 10 17 2
13 2 17 21 3 17 20 2
9 18 2 20 22 3 20 18 2
13 22 3 13 9 2
20 21 3 20 11 2
16 22 3 10 16 2
20 22 3 20 18 2
20 21 3 20 11 2
9 18 2 20 21 3 18 20 2
19 22 3 17 19 2
20 22 3 18 20 2
18 21 3 18 10 2
18 9 11 8 2 16 22 3 16 20 2
19 22 3 19 20 2
19 21 3 19 15 2
6 22 3 6 2
20 2 20 21 3 20 18 2
10 21 3 10 10 2
20 22 3 20 7 2
11 22 3 20 11 2
14 17 2 5 21 3 20 5 2
14 12 5 2 7 22 3 7 10 2
17 21 3 17 16 2
16 21 3 16 17 2
19 22 3 19 17 2
5 20 20 2 20 22 3 20 11 2
18 21 3 18 20 2
9 18 2 20 22 3 20 18 2
19 15 2 10 21 3 10 17 2
5 11 2 12 22 3 9 12 2
11 18 2 7 22 3 7 10 2
10 21 3 10 10 2
9 16 12 13 2 14 22 3 14 20 2
15 20 18 14 2 7 22 3 7 17 2
9 22 3 9 18 2
16 21 3 16 9 2
11 22 3 11 7 20 2
9 21 3 9 17 2
11 16 2 16 22 3 16 9 2
16 10 12 2 18 22 3 18 20 2
20 22 3 20 7 2
17 16 2 20 21 3 20 7 2
12 22 3 12 20 2
17 22 3 17 9 2
16 22 3 16 17 2
18 20 9 9 2 12 21 3 9 12 2
5 21 3 5 10 2
9 7 2 19 21 3 19 17 2
14 20 16 2 11 21 3 20 11 2
14 21 3 14 20 2
8 2 17 22 3 10 17 2
11 17 18 2 17 21 3 17 9 2
5 21 3 5 16 2
20 22 3 20 15 2
19 22 3 19 17 2
18 22 3 18 20 2
11 22 3 11 16 2
19 21 3 19 17 2
18 5 2 9 21 3 9 20 2
13 21 3 13 9 17 2
10 22 3 10 17 2
19 22 3 19 9 2
20 21 3 20 15 2
15 20 2 11 22 3 11 16 20 2
5 22 3 5 17 2
13 21 3 13 17 2
5 17 2 16 21 3 16 20 2
20 22 3 7 20 2
8 22 3 17 8 2
11 21 3 11 7 2
15 12 9 2 8 22 3 8 17 2
20 14 20 10 2 18 21 3 13 18 20 2
19 21 3 19 20 16 2
15 2 7 21 3 7 20 12 2
16 21 3 20 16 2
20 18 2 18 21 3 18 20 2
13 7 16 2 18 21 3 9 18 2
17 21 3 17 10 2
18 22 3 18 20 2
18 21 3 18 11 2
15 22 3 15 10 2
14 12 20 2 5 22 3 5 17 2
18 21 3 18 11 2
18 10 11 2 9 22 3 9 18 2
5 15 18 9 2 11 21 3 11 20 2
8 21 3 8 10 2
19 15 2 20 22 3 19 20 11 2
18 12 18 13 2 19 22 3 19 20 2
5 22 3 5 20 2
20 22 3 20 11 2
18 22 3 18 11 2
10 2 7 22 3 7 20 2
20 8 16 8 2 5 21 3 16 5 2
15 13 8 2 6 21 3 6 2
11 22 3 20 11 2
16 21 3 16 17 2
12 2 8 22 3 8 16 2
7 5 2 13 21 3 13 17 2
19 20 2 11 21 3 11 20 2
5 21 3 5 17 2
20 21 3 20 11 2
17 21 3 17 20 2
18 21 3 18 20 2
15 21 3 15 20 2
6 21 3 15 6 2
16 21 3 16 10 2
17 9 2 11 21 3 16 11 2
7 22 3 7 10 2
15 22 3 15 17 18 2
10 21 3 17 10 2
10 15 2 12 21 3 12 20 2
16 22 3 16 17 2
14 21 3 10 14 2
9 18 2 5 21 3 5 17 2
7 5 2 8 22 3 8 9 2
19 2 20 21 3 20 7 2
12 15 2 18 22 3 18 20 2
13 2 15 21 3 15 10 2
5 22 3 5 16 10 2
5 17 2 16 22 3 16 20 2
11 22 3 7 11 2
19 22 3 19 20 2
10 9 2 11 22 3 20 11 2
19 21 3 19 17 2
20 11 2 7 22 3 7 20 2
17 21 3 17 10 2
19 22 3 19 20 2
11 13 2 19 22 3 19 17 2
20 22 3 20 11 11 2
5 15 14 10 2 17 21 3 17 20 2
16 21 3 16 9 2
5 22 3 5 17 2
19 22 3 19 15 2
20 21 3 20 15 2
11 22 3 11 7 20 2
19 21 3 19 20 2
20 22 3 20 18 2
19 21 3 19 20 2
19 22 3 19 17 2
18 22 3 5 18 10 2
20 21 3 20 11 2
20 16 2 7 21 3 20 7 2
10 13 12 15 2 17 21 3 17 10 2
18 13 2 16 22 3 16 20 2
11 21 3 7 11 14 2
19 21 3 19 15 2
13 17 8 17 2 13 22 3 13 15 2
9 11 20 19 2 20 22 3 18 20 2
11 20 2 5 21 3 17 5 2
17 9 2 6 22 3 6 9 2
18 11 2 13 22 3 13 9 2
9 13 2 5 21 3 17 5 2
11 22 3 11 20 2
10 2 19 21 3 19 15 2
19 22 3 15 19 2
17 22 3 20 17 2
5 22 3 5 16 2
10 14 7 11 2 11 21 3 11 7 20 2
7 22 3 7 10 2
9 18 2 20 21 3 18 20 2
8 7 19 15 2 11 21 3 7 11 2
5 21 3 5 16 2
16 16 19 14 2 20 22 3 20 18 2
8 22 3 16 8 2
19 22 3 20 19 2
9 21 3 9 20 2
14 20 2 17 21 3 17 16 2
20 21 3 20 11 2
19 20 2 11 21 3 11 20 2
16 22 3 16 10 2
5 21 3 5 16 2
15 22 3 15 10 2
18 22 3 18 9 2
5 22 3 5 16 2
9 22 3 9 12 2
9 13 14 2 17 22 3 17 20 2
11 21 3 11 16 2
9 18 5 2 10 21 3 10 15 2
17 13 2 10 22 3 17 10 2
20 22 3 20 7 2
20 21 3 20 11 2
9 18 2 20 21 3 18 20 2
18 21 3 18 10 2
19 22 3 19 9 2
11 22 3 11 7 20 2
9 22 3 9 17 16 2
8 2 7 21 3 7 17 2
17 21 3 17 20 2
8 21 3 16 8 2
12 20 2 11 21 3 11 11 20 2
14 2 18 22 3 18 18 20 2
16 21 3 16 9 2
6 21 3 6 9 2
13 7 2 6 22 3 15 6 2
19 15 2 6 22 3 15 6 14 2
7 7 14 16 2 12 22 3 12 20 2
19 19 14 14 2 5 22 3 5 17 10 2
9 19 2 11 22 3 11 20 2
11 14 20 2 10 22 3 10 15 2
17 21 3 9 17 2
17 22 3 17 10 2
13 2 16 22 3 16 9 2
5 16 2 17 22 3 17 10 2
17 22 3 17 16 2
19 22 3 19 15 2
17 22 3 17 9 2
16 21 3 16 17 2
17 19 9 20 2 13 22 3 13 9 8 2
7 18 19 11 2 11 21 3 11 16 2
5 20 2 11 21 3 11 20 2
19 22 3 19 15 2
17 21 3 17 10 2
5 21 3 5 17 2
9 21 3 9 18 2
16 21 3 9 16 2
5 17 7 11 2 20 21 3 20 7 2
9 18 2 20 21 3 20 18 2
17 22 3 17 20 2
19 21 3 19 15 2
16 21 3 16 17 2
16 17 8 10 2 11 21 3 7 11 2
17 22 3 17 20 2
18 11 2 13 21 3 13 9 2
19 21 3 19 20 2
19 22 3 19 9 2
10 15 2 7 22 3 7 20 2
20 22 3 20 15 2
17 22 3 17 20 2
17 21 3 16 17 2
10 11 2 20 22 3 20 18 2
8 5 12 12 2 18 22 3 18 9 2
16 21 3 16 20 2
5 21 3 5 20 2
10 15 14 18 2 10 22 3 10 15 2
17 21 3 17 16 2
5 21 3 5 20 2
10 8 17 2 5 22 3 5 5 10 2
19 21 3 19 19 17 2
16 21 3 16 10 2
19 22 3 19 17 2
11 2 11 21 3 7 11 20 2
11 22 3 11 16 2
14 2 18 21 3 18 14 20 18 2
16 22 3 16 9 2
11 22 3 7 11 2
15 21 3 15 16 2
18 22 3 9 18 2
9 21 3 9 17 2
15 13 14 5 2 13 22 3 7 13 15 2
15 21 3 15 17 2
16 14 2 6 21 3 6 2
20 22 3 20 7 2
12 22 3 12 9 2
20 21 3 20 18 2
19 21 3 19 15 2
18 22 3 9 18 2
19 22 3 19 17 2
11 21 3 11 7 20 2
17 21 3 17 16 2
20 21 3 20 7 2
17 22 3 17 10 2
16 16 13 2 11 22 3 16 11 2
18 22 3 19 18 9 2
13 22 3 13 15 2
17 22 3 17 20 2
16 21 3 16 20 2
18 21 3 18 20 19 2
18 17 2 17 22 3 17 20 2
20 21 3 20 13 7 2
18 21 3 18 10 2
14 11 9 9 2 10 21 3 15 10 2
13 21 3 13 17 2
19 22 3 19 20 2
18 5 7 11 2 14 21 3 14 15 2
16 22 3 16 17 2
11 22 3 16 11 2
5 16 2 11 22 3 11 16 2
5 22 3 5 17 13 2
9 2 14 22 3 14 20 2
17 21 3 17 20 2
5 22 3 5 10 2
16 10 2 11 21 3 11 20 2
17 22 3 17 16 2
20 22 3 20 11 2
5 21 3 5 17 2
19 21 3 19 9 2
17 10 2 18 22 3 18 20 2
15 22 3 15 15 10 2
17 22 3 17 20 2
11 21 3 11 20 2
16 12 8 19 2 10 22 3 10 13 10 2
5 21 3 5 17 10 19 2
11 21 3 11 20 2
18 22 3 18 11 2
16 22 3 16 10 2
9 22 3 9 17 2
11 22 3 11 20 2
17 2 15 21 3 17 15 2
13 21 3 13 9 2
7 22 3 7 20 2
18 22 3 18 20 2
20 21 3 18 20 2
13 10 2 11 22 3 7 11 2
16 2 19 22 3 19 9 2
11 22 3 7 11 2
19 21 3 19 15 2
20 2 8 21 3 8 17 2
19 21 3 19 15 2
11 22 3 11 20 2
7 18 2 17 22 3 17 16 2
9 22 3 9 12 2
11 21 3 11 7 20 2
7 22 3 7 20 2
11 12 12 19 2 19 22 3 14 19 9 2
18 22 3 18 20 2
17 21 3 17 16 2
17 22 3 17 9 2
13 20 17 2 5 21 3 5 16 2
17 14 10 11 2 12 21 3 9 12 2
5 22 3 5 16 2
10 2 20 21 3 20 11 2
19 21 3 19 9 2
20 14 5 2 16 21 3 16 9 2
9 18 2 20 21 3 20 18 2
11 22 3 20 11 2
13 21 3 13 9 2
20 8 17 2 7 22 3 7 20 2
20 21 3 20 15 2
9 12 2 15 21 3 15 16 2
17 22 3 17 10 2
17 22 3 17 16 2
19 21 3 19 20 2
8 22 3 8 10 2
16 21 3 16 20 2
20 22 3 20 15 2
19 22 3 19 20 2
7 2 11 22 3 7 11 2
5 20 2 11 22 3 20 11 2
19 21 3 19 15 2
18 21 3 18 18 20 2
18 21 3 18 20 2
8 22 3 8 16 2
5 21 3 5 10 2
17 22 3 17 10 2
17 22 3 20 17 2
20 22 3 18 20 2
5 2 18 21 3 18 11 2
13 22 3 15 13 2
16 22 3 16 9 2
17 16 19 2 10 22 3 10 15 2
11 21 3 20 11 2
17 22 3 17 16 2
18 21 3 18 9 2
12 21 3 9 12 2
14 21 3 15 14 2
5 22 3 5 20 2
20 8 12 13 2 10 21 3 10 15 2
9 7 8 18 2 19 21 3 19 9 2
17 22 3 17 9 2
5 22 3 5 10 2
17 21 3 14 17 20 2
16 21 3 16 17 2
18 21 3 11 18 2
19 21 3 19 15 2
16 22 3 10 16 2
7 22 3 7 10 2
14 12 5 2 5 21 3 16 5 2
7 22 3 7 10 2
19 22 3 19 20 2
17 22 3 17 10 2
5 21 3 5 10 2
20 21 3 20 15 2
18 21 3 18 9 2
5 21 3 5 16 2
18 21 3 18 9 2
11 16 2 16 21 3 16 9 2
15 21 3 12 15 17 2
19 21 3 19 15 2
10 12 2 19 22 3 14 19 9 2
17 12 20 16 2 8 22 3 9 8 2
18 11 2 13 21 3 13 9 2
17 21 3 17 10 2
18 22 3 18 11 2
9 21 3 9 17 2
19 21 3 19 15 2
15 18 2 16 22 3 16 9 2
16 22 3 16 9 2
7 2 16 22 3 16 10 2
18 2 13 22 3 13 9 15 2
20 22 3 20 11 2
5 22 3 5 20 2
11 22 3 20 11 2
18 9 8 17 2 20 21 3 20 18 2
18 21 3 18 9 2
11 21 3 11 20 2
15 11 14 2 19 22 3 19 15 2
16 21 3 16 9 2
15 16 16 20 2 20 22 3 20 12 18 2
16 21 3 16 10 11 2
18 2 17 22 3 17 10 2
5 9 2 8 21 3 8 17 2
12 21 3 9 12 2
11 22 3 7 11 2
18 21 3 18 10 2
13 11 19 19 2 6 22 3 15 6 2
5 22 3 5 16 2
19 21 3 19 9 2
17 21 3 17 16 12 2
18 21 3 18 10 2
18 22 3 18 18 20 2
15 13 13 5 2 13 22 3 13 9 2
16 21 3 16 17 2
18 22 3 20 18 2
19 21 3 19 15 2
10 21 3 14 10 17 2
19 21 3 19 17 2
11 21 3 7 11 2
19 21 3 19 17 2
14 2 11 21 3 11 20 2
5 21 3 5 20 2
10 2 18 21 3 18 20 2
11 22 3 20 11 2
8 18 19 12 2 16 21 3 16 19 9 2
11 18 15 2 16 21 3 16 10 2
5 22 3 5 16 2
12 17 5 2 11 21 3 20 11 2
5 21 3 5 17 2
17 22 3 17 9 2
12 16 19 16 2 10 22 3 15 10 2
14 9 2 15 22 3 15 17 2
20 20 16 9 2 14 21 3 14 10 2
10 20 14 16 2 15 21 3 16 17 15 2
10 17 11 2 20 21 3 20 15 2
11 22 3 7 11 2
20 22 3 20 15 2
14 22 3 20 14 2
16 22 3 16 20 16 2
12 21 3 12 9 2
17 22 3 17 16 2
7 20 20 9 2 20 22 3 20 7 2
17 22 3 17 9 2
15 22 3 15 10 2
8 22 3 18 8 16 2
18 21 3 18 9 2
19 21 3 19 15 2
15 21 3 15 17 2
16 21 3 16 10 2
19 22 3 19 9 2
14 15 5 16 2 19 21 3 19 20 2
9 22 3 5 9 12 2
17 21 3 17 9 2
17 21 3 17 16 2
18 21 3 18 10 2
17 21 3 17 10 2
18 21 3 18 11 2
11 16 2 16 22 3 16 9 2
17 21 3 17 9 2
10 22 3 10 10 2
5 16 15 2 16 22 3 17 16 2
19 22 3 19 20 2
5 17 2 16 21 3 16 20 2
18 21 3 18 20 2
13 9 20 10 2 17 22 3 16 17 2
16 22 3 16 10 2
20 22 3 20 11 2
17 22 3 17 9 2
8 16 2 20 21 3 18 20 2
16 21 3 16 9 2
7 21 3 7 20 2
18 21 3 18 9 2
19 22 3 19 15 2
9 7 2 11 21 3 11 20 2
5 22 3 5 17 2
20 21 3 20 7 2
17 22 3 17 9 2
5 21 3 5 17 10 2
7 21 3 7 20 2
12 21 3 12 9 2
13 22 3 12 13 15 2
5 21 3 5 10 2
9 17 15 20 2 12 22 3 12 20 20 2
19 21 3 19 15 2
17 21 3 17 9 2
14 19 15 2 18 21 3 10 18 2
20 22 3 20 15 2
20 21 3 20 15 2
18 21 3 18 20 2
7 22 3 10 7 2
12 22 3 11 9 12 2
20 22 3 20 11 2
18 21 3 18 9 2
15 8 16 17 2 11 22 3 11 7 18 20 2
18 21 3 18 10 2
19 20 2 11 22 3 11 20 2
18 21 3 18 18 20 2
20 15 11 13 2 19 21 3 19 9 2
12 13 2 18 21 3 18 18 20 2
16 22 3 16 20 2
18 21 3 18 9 2
20 22 3 20 7 2
16 21 3 16 9 2
17 21 3 17 10 2
18 22 3 18 20 2
13 22 3 14 13 15 2
15 21 3 16 15 2
18 22 3 18 10 2
20 22 3 20 15 2
9 14 13 20 2 7 21 3 7 10 2
17 22 3 9 17 2
20 22 3 20 11 2
10 2 14 21 3 14 15 2
15 2 16 21 3 16 17 2
10 22 3 15 10 2
18 17 13 2 10 22 3 10 9 17 2
11 20 2 5 21 3 5 17 2
11 22 3 11 20 2
16 21 3 16 10 2
6 22 3 17 15 6 2
5 22 3 5 20 2
7 12 2 16 22 3 10 16 2
18 22 3 18 11 2
11 22 3 20 11 2
16 22 3 16 10 2
18 22 3 18 9 2
18 18 16 2 7 21 3 11 7 17 2
5 20 2 11 22 3 11 20 2
5 22 3 5 17 10 2
18 2 19 21 3 15 19 2
8 13 17 15 2 20 22 3 20 7 2
8 22 3 8 16 2
15 14 10 19 2 20 22 3 11 20 7 2
12 22 3 9 12 2
10 13 2 17 22 3 16 17 2
18 22 3 18 18 20 2
19 15 16 2 13 21 3 13 17 2
17 21 3 17 9 2
15 21 3 15 10 2
13 21 3 17 13 2
19 21 3 19 15 2
18 9 2 14 21 3 14 15 2
5 20 2 11 22 3 20 11 2
18 22 3 18 11 2
17 22 3 17 10 2
17 22 3 17 10 2
11 22 3 11 7 20 2
18 21 3 13 18 10 2
10 18 15 19 2 9 21 3 9 17 2
16 14 2 11 22 3 20 11 2
10 21 3 10 15 2
19 21 3 19 15 2
17 21 3 17 10 2
10 21 3 17 10 2
18 21 3 18 18 20 2
11 22 3 11 20 2
17 22 3 17 9 2
11 22 3 11 20 2
11 21 3 11 20 2
19 22 3 19 17 2
9 18 2 20 22 3 20 18 2
11 22 3 11 20 2
17 8 9 2 18 22 3 18 18 20 2
20 8 12 2 18 22 3 18 10 2
19 21 3 19 9 2
19 22 3 19 17 2
17 15 20 2 15 22 3 15 20 2
7 8 9 8 2 8 22 3 8 5 17 2
19 22 3 19 17 2
14 16 10 18 2 11 21 3 11 11 16 2
19 2 5 22 3 16 5 11 2
20 21 3 20 15 2
14 9 9 2 19 21 3 20 9 19 2
16 21 3 16 9 2
5 21 3 5 16 2
11 21 3 11 20 2
16 22 3 16 20 2
12 21 3 12 9 2
19 2 19 22 3 19 9 2
5 12 9 2 19 22 3 9 19 15 2
16 2 19 21 3 19 15 2
18 22 3 18 18 20 2
18 11 2 13 21 3 9 13 2
12 22 3 12 9 2
17 10 2 18 21 3 18 20 2
7 17 2 18 21 3 18 11 2
15 22 3 15 20 2
20 21 3 20 11 2
11 7 8 11 2 17 22 3 17 16 17 2
12 9 2 11 22 3 11 20 12 2
9 22 3 12 9 2
19 22 3 19 17 2
18 21 3 18 18 20 2
5 13 2 20 21 3 20 11 2
8 22 3 17 8 2
5 9 2 20 21 3 20 18 2
18 21 3 18 10 2
14 19 2 11 21 3 11 7 20 2
9 9 5 17 2 18 22 3 18 18 20 2
5 13 5 2 18 21 3 18 20 2
16 21 3 16 17 2
19 21 3 19 20 2
12 11 10 2 17 21 3 10 20 17 2
18 11 2 13 22 3 13 9 2
6 22 3 6 2
5 21 3 5 10 2
20 22 3 20 15 2
13 18 13 2 11 21 3 20 11 2
16 21 3 16 17 2
8 16 2 17 22 3 17 9 2
16 22 3 16 20 2
17 21 3 9 17 2
5 16 2 17 22 3 17 10 2
20 18 9 2 16 21 3 16 9 2
5 22 3 5 17 10 2
10 2 18 22 3 18 18 20 2
20 18 2 18 22 3 20 18 2
17 9 2 6 21 3 6 9 2
20 18 16 8 2 6 21 3 9 15 6 2
15 21 3 15 20 2
5 22 3 5 10 2
17 22 3 17 10 2
18 19 8 19 2 17 21 3 17 9 12 2
19 2 12 22 3 12 20 2
18 21 3 18 10 2
11 21 3 7 11 2
17 22 3 17 16 2
18 22 3 18 10 2
18 21 3 18 18 20 2
11 21 3 7 11 2
16 22 3 16 17 2
11 22 3 11 20 2
15 21 3 15 20 18 2
11 21 3 7 11 2
10 22 3 10 15 2
16 22 3 16 17 2
12 10 2 11 22 3 20 11 12 2
8 22 3 8 17 2
7 21 3 7 10 2
5 22 3 10 5 2
20 22 3 20 7 2
17 2 18 21 3 18 20 18 2
16 21 3 16 17 2
16 22 3 16 10 2
16 22 3 16 17 2
7 22 3 20 7 2
11 21 3 11 20 2
12 18 16 14 2 11 21 3 11 20 2
18 21 3 18 18 20 2
5 22 3 5 20 2
19 21 3 19 9 2
19 20 2 11 22 3 11 20 2
10 9 12 2 11 22 3 11 20 2
18 21 3 18 20 2
12 13 19 2 6 22 3 6 2
18 22 3 18 10 2
17 22 3 17 9 2
17 21 3 17 10 2
8 22 3 8 9 2
11 2 13 22 3 13 15 2
18 8 2 15 21 3 10 10 15 2
5 21 3 5 16 2
20 21 3 9 20 11 2
19 22 3 19 17 2
20 7 2 13 21 3 13 15 2
19 22 3 19 15 2
5 21 3 5 10 2
16 21 3 16 10 2
13 22 3 13 15 17 2
11 22 3 11 16 2
18 11 2 13 21 3 9 13 2
20 10 2 17 22 3 17 20 2
11 21 3 16 11 2
19 21 3 19 20 2
11 20 2 5 21 3 5 17 2
10 21 3 10 10 2
19 21 3 19 20 2
8 22 3 8 16 2
5 2 13 22 3 13 9 2
19 2 20 22 3 18 20 2
5 21 3 5 10 2
11 13 2 5 22 3 17 17 5 2
14 18 11 2 13 21 3 13 15 2
18 22 3 18 9 2
5 22 3 5 17 10 2
20 22 3 20 15 2
18 22 3 18 10 2
20 21 3 20 7 2
15 7 2 17 22 3 16 17 2
9 18 2 20 22 3 20 18 2
10 5 8 2 20 22 3 20 11 2
17 22 3 17 10 2
11 22 3 11 7 20 2
8 8 20 17 2 19 22 3 19 17 2
16 2 8 22 3 8 16 2
7 8 10 2 5 22 3 19 5 10 2
16 22 3 16 9 2
11 11 13 2 13 21 3 13 15 2
19 2 14 22 3 14 20 2
9 15 2 13 21 3 13 9 2
20 21 3 18 20 2
13 14 13 2 8 22 3 12 17 8 2
11 22 3 7 11 2
10 21 3 15 10 2
11 21 3 11 7 20 14 2
11 22 3 11 7 20 2
12 22 3 5 9 12 2
16 22 3 16 17 2
20 2 8 21 3 8 17 2
19 15 2 10 22 3 10 17 2
20 22 3 20 18 2
20 22 3 20 7 2
9 12 2 11 22 3 7 11 2
16 21 3 16 9 2
17 9 2 6 22 3 6 9 2
6 22 3 6 9 2
17 22 3 10 17 2
5 22 3 5 16 2
18 21 3 18 9 2
15 21 3 15 10 2
16 22 3 10 16 2
18 22 3 18 11 2
10 16 9 2 7 21 3 7 11 20 2
17 21 3 17 9 2
15 16 2 6 21 3 6 2
11 16 2 16 21 3 9 16 2
19 21 3 19 9 2
14 13 5 2 7 21 3 7 17 2
16 22 3 16 10 2
18 21 3 18 11 2
17 12 16 2 20 21 3 20 18 2
9 2 11 22 3 7 11 2
11 21 3 11 16 2
20 18 2 18 21 3 18 20 2
5 21 3 5 17 2
20 22 3 20 11 2
9 19 9 2 15 21 3 20 15 2
19 15 5 11 2 20 21 3 20 7 2
14 22 3 18 14 15 2
16 21 3 16 20 2
16 21 3 17 16 20 2
16 22 3 16 17 2
5 16 2 17 21 3 10 17 2
17 22 3 20 17 2
13 2 15 22 3 15 20 2
20 21 3 20 7 2
11 21 3 7 11 15 2
7 22 3 20 7 2
5 21 3 5 17 10 2
17 21 3 17 16 2
19 22 3 19 17 2
19 21 3 19 15 8 2
12 22 3 20 12 2
8 16 2 17 22 3 17 9 2
11 21 3 7 11 2
14 13 9 17 2 20 21 3 18 20 2
5 21 3 5 20 2
15 2 10 21 3 10 10 2
9 13 7 2 16 22 3 16 9 2
5 5 2 13 21 3 13 13 17 2
11 22 3 11 16 2
6 21 3 7 6 2
11 21 3 11 7 20 2
11 16 2 16 22 3 16 9 2
19 21 3 19 17 2
14 2 11 21 3 11 7 20 2
19 21 3 19 17 2
7 21 3 7 10 2
17 12 7 12 2 16 21 3 16 20 2
20 2 15 21 3 15 17 18 2
18 22 3 18 9 2
16 21 3 16 20 2
8 19 2 11 22 3 7 11 5 2
18 21 3 18 20 2
16 21 3 20 16 2
16 21 3 16 10 2
16 20 17 12 2 20 22 3 18 20 2
11 22 3 15 11 20 2
18 21 3 18 17 9 2
13 21 3 13 17 2
13 22 3 15 13 2
18 22 3 18 10 2
11 22 3 11 20 2
5 22 3 5 16 2
19 21 3 19 17 2
17 21 3 17 20 16 2
12 13 9 2 10 22 3 15 5 10 2
16 21 3 16 17 2
17 21 3 17 9 2
11 21 3 20 11 2
11 21 3 7 11 2
16 22 3 16 9 2
18 21 3 18 20 2
16 21 3 16 10 2
17 21 3 17 16 2
17 22 3 17 10 2
12 8 2 18 21 3 18 20 11 2
7 7 14 7 2 19 21 3 17 19 2
12 22 3 20 12 2
11 22 3 11 7 20 2
10 21 3 10 17 2
17 22 3 17 16 2
13 21 3 13 15 2
20 22 3 20 11 2
11 22 3 11 7 2
17 22 3 17 16 2
18 21 3 18 11 17 2
18 21 3 18 10 2
11 22 3 11 16 2
18 21 3 18 20 2
16 2 12 21 3 9 11 12 2
16 21 3 16 20 2
5 11 9 8 2 18 21 3 18 10 2
18 22 3 18 11 2
17 22 3 17 16 2
11 20 2 5 22 3 5 17 2
19 21 3 19 17 2
17 9 8 2 11 22 3 16 11 2
16 22 3 16 9 2
16 22 3 16 10 2
16 2 19 21 3 19 17 2
18 2 18 22 3 18 11 2
5 22 3 5 10 2
19 20 2 11 22 3 11 20 2
19 22 3 19 15 2
5 5 10 2 7 22 3 7 17 2
18 21 3 18 18 20 2
12 21 3 12 9 2
17 21 3 17 16 2
20 22 3 20 11 2
10 9 10 19 2 18 22 3 10 18 2
8 22 3 8 17 2
10 18 2 19 21 3 19 16 15 2
15 2 17 22 3 17 10 2
8 21 3 8 16 2
5 22 3 5 16 2
11 22 3 20 11 2
16 21 3 16 20 2
18 22 3 18 20 2
20 21 3 20 11 2
19 15 2 10 22 3 10 17 2
14 12 2 5 22 3 5 17 10 2
5 22 3 5 10 2
20 21 3 20 11 2
20 2 20 21 3 15 20 13 2
16 21 3 10 16 2
17 22 3 17 20 2
20 21 3 20 15 2
10 22 3 15 10 2
15 22 3 15 16 2
19 22 3 19 9 2
5 7 2 19 21 3 9 19 2
8 16 2 17 21 3 17 9 2
5 2 15 22 3 15 17 2
20 21 3 20 18 2
11 20 15 9 2 11 21 3 7 11 2
9 22 3 9 18 2
20 21 3 20 18 2
20 21 3 20 15 2
11 16 2 16 21 3 16 9 2
5 17 2 16 21 3 16 20 2
8 11 14 2 12 22 3 20 12 2
20 20 10 19 2 7 22 3 7 20 2
20 7 13 2 18 21 3 18 13 11 2
16 16 2 20 22 3 20 15 2
18 21 3 9 18 2
16 21 3 16 10 2
9 18 11 2 11 21 3 11 7 20 2
11 21 3 7 11 2
5 21 3 5 16 2
19 22 3 19 15 2
8 19 9 18 2 9 21 3 9 20 2
10 5 20 8 2 5 22 3 5 16 2
5 21 3 5 17 10 2
14 22 3 14 15 2
13 2 13 21 3 7 13 17 2
10 21 3 15 10 2
11 2 9 22 3 5 9 20 2
5 22 3 5 17 2
20 20 2 11 22 3 11 7 20 2
5 21 3 5 17 10 2
11 22 3 7 11 2
10 22 3 15 10 2
17 21 3 17 10 2
11 22 3 11 20 2
11 21 3 11 20 2
5 21 3 5 10 2
9 22 3 9 20 2
18 20 2 14 21 3 14 18 2
16 21 3 16 20 2
15 14 2 20 21 3 20 12 7 2
15 2 13 21 3 17 13 2
10 12 9 2 16 21 3 15 16 9 2
16 22 3 16 10 2
19 21 3 19 9 2
16 22 3 9 16 2
5 22 3 5 10 2
19 21 3 19 17 2
15 20 14 2 17 21 3 17 20 2
11 22 3 11 20 2
20 21 3 20 7 2
14 8 2 19 22 3 9 19 2
18 22 3 18 11 2
11 20 2 5 22 3 5 17 2
10 11 2 15 22 3 15 20 2
17 21 3 17 10 2
13 22 3 13 17 2
10 21 3 15 10 2
20 22 3 20 7 2
15 12 2 7 21 3 7 17 2
11 21 3 11 20 2
17 22 3 17 16 2
17 21 3 17 9 2
11 21 3 11 7 20 2
16 17 2 18 22 3 18 9 2
15 14 2 14 21 3 14 10 10 2
20 19 2 5 21 3 17 5 17 10 2
18 21 3 18 11 2
14 2 14 21 3 20 14 2
20 22 3 20 7 2
9 11 2 10 22 3 10 10 20 2
19 22 3 19 15 2
11 5 10 2 17 22 3 9 17 2
20 21 3 20 11 2
20 22 3 20 15 2
8 7 14 7 2 11 22 3 11 20 2
14 21 3 16 14 10 2
16 16 8 2 11 21 3 19 7 11 2
12 8 2 18 21 3 18 20 2
14 21 3 14 10 2
14 18 20 2 13 21 3 13 9 2
20 2 10 21 3 10 15 2
5 22 3 7 5 17 10 2
16 19 20 7 2 8 21 3 8 17 11 2
19 22 3 19 20 2
5 21 3 5 16 2
15 18 16 13 2 6 22 3 6 2
17 10 2 18 22 3 18 20 2
20 5 18 8 2 20 22 3 7 20 2
9 11 2 19 21 3 19 19 17 2
17 21 3 17 10 2
12 21 3 13 12 9 2
10 7 20 2 5 22 3 5 17 15 10 2
16 8 2 18 22 3 5 18 18 20 2
11 22 3 11 16 2
12 2 16 22 3 19 16 10 2
19 21 3 19 17 2
5 22 3 5 10 2
13 2 11 22 3 20 11 2
15 18 8 14 2 10 21 3 10 10 2
20 21 3 20 18 2
11 21 3 20 11 2
19 21 3 19 15 2
11 22 3 7 11 2
17 9 2 6 21 3 6 9 2
9 22 3 16 9 20 2
19 15 2 10 21 3 10 17 2
19 21 3 17 19 2
19 22 3 19 20 2
8 21 3 8 10 2
5 2 15 21 3 10 15 2
9 21 3 9 20 2
17 10 2 18 21 3 18 20 2
16 22 3 16 9 2
20 22 3 20 11 2
17 21 3 17 16 2
17 13 16 2 17 22 3 17 10 2
20 21 3 20 11 2
20 2 18 22 3 18 10 2
11 22 3 11 7 20 2
10 10 10 2 16 22 3 10 10 16 2
11 18 10 2 20 21 3 20 7 2
7 9 12 2 17 22 3 17 9 2
16 22 3 16 10 2
18 21 3 18 9 2
7 2 18 22 3 9 18 2
5 21 3 5 10 2
19 22 3 15 19 2
11 16 2 16 22 3 16 9 2
16 21 3 16 20 2
20 22 3 20 15 2
16 22 3 16 20 2
5 22 3 5 17 2
8 20 13 5 2 10 21 3 10 15 2
18 2 17 22 3 17 9 2
16 2 13 22 3 13 17 2
20 22 3 20 15 2
19 20 2 11 22 3 20 11 2
5 19 14 19 2 8 22 3 16 8 2
5 21 3 5 17 2
16 22 3 16 17 2
17 22 3 17 10 2
18 22 3 18 10 2
17 22 3 17 20 2
11 21 3 20 19 11 2
16 21 3 16 17 2
11 22 3 11 20 2
11 21 3 7 11 2
16 15 10 2 12 21 3 12 9 2
14 21 3 14 15 2
5 22 3 5 20 2
5 16 2 17 21 3 17 10 2
11 8 2 16 22 3 20 16 2
5 12 13 2 15 21 3 15 10 2
19 22 3 19 15 2
9 2 16 22 3 16 20 14 2
7 8 14 2 10 22 3 17 10 10 2
10 17 8 2 5 22 3 5 17 10 18 2
14 8 15 19 2 11 21 3 11 20 2
19 22 3 19 20 2
18 15 2 15 21 3 15 20 2
20 21 3 20 7 2
9 9 8 13 2 18 21 3 18 18 15 20 2
20 21 3 18 20 2
8 12 2 10 22 3 10 17 2
9 11 11 2 20 22 3 20 15 2
17 22 3 17 16 15 2
20 21 3 20 11 2
19 11 16 2 18 22 3 18 18 20 2
9 21 3 9 12 2
20 16 11 2 16 22 3 16 9 2
16 21 3 16 9 2
18 18 2 18 21 3 18 18 20 12 2
14 14 10 20 2 5 21 3 5 10 2
18 22 3 18 11 2
14 19 18 18 2 19 22 3 19 20 2
19 19 5 2 9 22 3 18 9 17 2
7 10 2 13 22 3 13 9 2
16 21 3 16 20 2
5 21 3 5 16 2
9 14 14 13 2 7 22 3 20 7 2
16 22 3 17 16 2
5 21 3 5 17 2
11 21 3 11 20 2
19 22 3 19 9 2
13 22 3 13 17 2
8 21 3 8 9 2
5 22 3 5 17 2
20 21 3 15 20 18 2
16 12 2 5 22 3 5 17 10 2
18 21 3 18 10 2
5 13 2 8 21 3 16 8 2
14 2 18 21 3 18 9 2
5 22 3 5 10 2
7 7 2 8 21 3 8 9 2
16 14 9 2 10 21 3 10 10 2
13 21 3 13 15 2
20 22 3 20 7 2
18 22 3 18 18 20 2
5 22 3 5 20 2
19 21 3 19 20 2
8 16 2 7 22 3 7 7 20 2
19 22 3 19 9 2
8 16 2 17 21 3 17 9 2
14 12 2 19 22 3 8 9 19 2
15 16 2 6 22 3 6 2
13 16 13 9 2 12 21 3 12 20 2
16 22 3 16 20 2
17 17 9 9 2 7 21 3 7 20 7 2
18 21 3 18 5 20 2
5 21 3 7 5 17 2
20 2 20 21 3 20 7 2
18 20 2 14 21 3 14 18 2
18 18 2 18 21 3 18 11 2
5 21 3 5 17 2
8 22 3 8 17 2
11 21 3 11 20 2
16 11 2 17 22 3 9 17 20 2
10 7 20 2 10 21 3 15 10 2
19 22 3 20 19 2
17 9 2 6 22 3 6 9 2
19 22 3 19 17 2
5 10 14 2 13 22 3 13 9 2
7 22 3 20 7 2
18 2 18 22 3 18 18 20 2
11 20 2 5 22 3 5 17 2
18 21 3 9 18 2
16 22 3 16 9 2
17 18 12 2 19 21 3 15 19 2
15 7 2 6 21 3 6 9 2
12 10 2 10 22 3 15 10 2
5 16 2 17 21 3 17 10 2
7 21 3 7 17 2
15 16 2 6 22 3 6 2
5 22 3 5 17 2
17 22 3 17 20 2
20 22 3 20 7 2
18 22 3 18 9 2
20 19 2 7 22 3 20 7 2
5 7 2 20 22 3 20 11 2
11 22 3 11 7 20 2
10 15 2 16 22 3 16 17 2
14 21 3 14 15 2
11 21 3 20 11 2
18 21 3 18 10 2
16 16 2 18 22 3 18 10 2
20 21 3 20 7 2
19 22 3 19 15 2
11 21 3 11 20 2
20 21 3 20 18 2
11 21 3 11 7 20 2
20 21 3 20 18 2
10 17 18 7 2 15 21 3 15 17 2
8 13 20 9 2 12 22 3 9 12 2
18 22 3 18 18 20 2
16 7 15 2 7 21 3 17 7 20 2
15 15 2 16 22 3 10 16 2
12 5 2 18 21 3 18 18 20 2
16 22 3 16 10 2
18 18 15 2 16 21 3 17 16 2
5 22 3 5 17 10 2
16 22 3 16 9 2
18 22 3 18 18 20 2
19 21 3 19 20 2
11 2 11 21 3 7 13 11 2
5 16 2 17 21 3 10 17 2
15 21 3 15 16 16 2
17 22 3 17 20 2
18 20 2 14 22 3 14 18 2
9 21 3 9 18 2
5 22 3 5 17 2
8 8 20 2 7 21 3 7 17 2
7 11 14 16 2 18 21 3 18 11 2
11 21 3 7 11 2
19 22 3 19 20 2
17 22 3 17 20 2
7 11 11 9 2 13 22 3 13 15 2
18 22 3 16 18 18 20 2
7 2 18 22 3 18 11 10 2
12 16 8 2 11 22 3 11 7 2
17 10 2 9 22 3 9 20 2
5 21 3 5 17 2
9 2 11 21 3 11 20 2
17 22 3 17 20 2
8 20 2 16 21 3 10 16 2
8 8 14 14 2 20 21 3 20 7 5 2
18 18 16 2 16 21 3 9 16 8 2
7 2 20 22 3 20 15 2
7 22 3 7 10 2
16 21 3 16 10 2
17 21 3 17 9 2
18 21 3 18 18 20 2
11 21 3 11 16 10 2
18 21 3 9 18 2
16 22 3 16 10 2
16 2 13 22 3 15 13 2
19 20 2 11 21 3 20 11 2
20 22 3 11 20 2
11 22 3 11 20 2
18 21 3 18 9 2
7 2 8 22 3 8 16 2
15 2 18 21 3 11 18 2
9 22 3 14 9 20 2
5 17 2 16 21 3 16 20 2
7 21 3 7 17 2
20 11 2 10 22 3 10 15 12 2
11 22 3 20 11 2
11 16 2 16 22 3 16 9 2
16 22 3 16 10 2
17 21 3 17 16 2
17 22 3 17 10 2
19 15 2 10 22 3 17 10 2
7 21 3 20 7 2
15 15 16 13 2 8 22 3 8 16 2
15 21 3 15 20 2
19 22 3 19 15 2
13 9 2 5 22 3 5 17 10 2
14 2 13 21 3 13 17 2
16 22 3 16 9 2
15 16 2 6 22 3 6 2
11 21 3 11 7 20 2
16 22 3 16 10 2
15 22 3 15 10 2
11 22 3 7 11 2
18 2 16 22 3 16 20 2
11 20 2 5 22 3 17 5 2
20 22 3 20 7 2
19 21 3 19 15 2
16 22 3 16 20 2
7 21 3 20 7 12 2
5 21 3 5 16 16 2
8 10 9 15 2 8 22 3 9 8 2
18 21 3 18 18 20 2
20 21 3 20 18 2
17 22 3 17 10 2
18 21 3 18 11 2
5 21 3 5 17 2
12 22 3 12 20 2
19 2 20 21 3 20 18 2
16 22 3 16 17 2
11 21 3 11 16 2
19 15 2 10 22 3 10 17 2
17 19 11 11 2 18 22 3 16 18 20 2
19 17 2 12 21 3 9 12 2
19 21 3 19 9 2
19 21 3 19 15 2
7 21 3 17 7 2
19 21 3 19 17 2
19 22 3 19 15 9 2
14 14 18 5 2 16 22 3 16 20 2
5 22 3 5 17 2
16 9 2 10 22 3 10 10 2
12 21 3 9 12 2
20 22 3 20 11 2
18 21 3 18 10 2
19 22 3 19 9 2
20 2 11 22 3 11 20 2
16 21 3 16 17 2
16 22 3 16 16 17 2
11 22 3 11 20 2
20 22 3 20 7 2
7 2 19 21 3 7 19 17 2
7 7 16 2 20 21 3 18 20 2
7 17 19 12 2 19 21 3 19 15 2
10 2 11 21 3 7 11 2
11 22 3 20 11 2
5 21 3 5 17 2
5 10 9 2 9 22 3 9 12 2
11 21 3 11 20 2
5 22 3 5 16 2
19 22 3 19 20 2
7 20 2 5 22 3 5 20 2
17 21 3 17 20 2
11 22 3 11 20 2
19 14 8 9 2 15 21 3 15 16 2
10 21 3 10 15 2
20 22 3 20 15 2
17 21 3 17 9 2
20 22 3 20 11 2
18 21 3 18 18 2
12 14 2 19 21 3 19 20 2
10 22 3 15 10 2
15 21 3 15 16 2
12 2 17 21 3 17 16 19 2
17 21 3 14 17 9 2
11 22 3 11 16 7 20 2
10 2 12 21 3 9 12 2
5 2 17 21 3 17 10 2
19 12 13 19 2 19 21 3 19 9 2
11 22 3 7 11 2
19 21 3 19 9 2
11 22 3 11 16 2
9 9 14 19 2 12 21 3 5 9 12 2
13 22 3 17 13 2
7 22 3 20 7 2
10 2 17 21 3 17 9 20 2
18 12 10 5 2 16 22 3 16 10 2
8 21 3 8 10 7 2
19 21 3 19 20 2
16 22 3 16 20 2
9 18 2 20 21 3 20 18 2
19 22 3 19 20 2
19 22 3 20 19 2
20 21 3 20 7 2
10 21 3 10 15 2
20 2 20 21 3 7 15 20 2
12 21 3 12 20 2
12 22 3 12 9 2
11 21 3 20 8 11 2
13 19 10 2 18 22 3 18 10 2
19 13 16 2 5 21 3 9 17 5 10 2
7 21 3 20 7 2
19 21 3 19 15 2
5 22 3 5 16 2
17 22 3 17 20 2
17 22 3 17 10 2
20 14 5 17 2 18 22 3 18 11 2
11 21 3 11 16 2
14 2 10 22 3 10 15 2
5 22 3 5 10 2
13 5 15 2 19 21 3 19 9 2
20 22 3 20 18 2
11 22 3 11 20 2
16 22 3 16 9 2
17 21 3 17 10 2
9 12 15 10 2 7 22 3 7 10 2
5 13 17 2 12 21 3 12 20 2
15 21 3 16 15 10 2
16 13 7 19 2 10 22 3 10 15 2
7 21 3 7 20 2
5 22 3 5 10 2
9 12 16 7 2 12 21 3 12 7 9 2
11 22 3 20 11 2
9 18 2 8 21 3 8 9 2
19 21 3 19 9 2
11 21 3 20 11 2
18 22 3 18 9 2
19 21 3 19 20 2
11 16 2 16 21 3 16 9 2
10 22 3 10 15 16 2
19 22 3 19 9 2
18 21 3 20 18 2
18 22 3 18 20 2
20 21 3 20 18 2
14 22 3 10 14 2
10 21 3 10 15 2
20 7 2 13 21 3 8 13 15 2
18 22 3 20 18 2
17 22 3 17 20 2
16 21 3 16 17 2
5 21 3 5 17 2
20 18 2 18 21 3 18 20 2
9 2 12 21 3 20 9 12 2
9 7 13 8 2 9 21 3 9 20 2
15 22 3 15 16 2
18 21 3 18 18 20 2
10 21 3 10 17 2
18 21 3 18 20 18 2
18 20 2 14 21 3 14 18 2
16 22 3 16 17 2
18 14 20 2 8 22 3 11 8 10 2
17 2 9 21 3 12 9 2
9 11 11 13 2 16 22 3 16 13 10 2
18 21 3 18 20 2
11 21 3 20 11 2
10 5 11 10 2 18 22 3 18 9 2
16 22 3 16 17 2
11 22 3 20 11 2
8 16 2 17 21 3 17 9 2
18 21 3 18 10 2
12 16 8 13 2 7 21 3 7 20 2
11 22 3 20 11 2
11 21 3 20 11 2
8 15 14 2 18 21 3 18 18 20 15 2
11 22 3 7 11 2
19 22 3 19 18 9 2
18 21 3 18 11 2
10 21 3 10 15 2
13 11 14 2 13 21 3 13 9 2
11 16 2 16 21 3 16 9 2
17 22 3 17 9 2
9 18 2 20 22 3 20 18 2
19 22 3 19 9 2
17 21 3 16 17 2
16 22 3 16 10 2
11 22 3 11 20 2
18 22 3 20 18 2
5 21 3 5 10 2
20 18 2 15 21 3 10 15 2
12 21 3 12 20 2
19 21 3 19 20 2
16 15 19 2 19 22 3 19 17 2
16 21 3 16 18 9 2
17 21 3 17 10 2
20 16 2 18 21 3 18 20 2
5 21 3 5 10 2
8 12 12 9 2 17 21 3 9 17 2
19 21 3 19 15 2
20 13 16 2 19 21 3 12 20 19 2
5 2 20 22 3 20 18 2
18 22 3 18 11 2
20 21 3 20 15 2
11 20 2 5 21 3 5 17 2
16 10 2 19 21 3 19 17 2
16 22 3 16 17 2
11 22 3 20 11 2
16 22 3 16 17 2
5 22 3 5 20 19 2
8 21 3 8 10 2
12 18 17 2 12 21 3 9 12 10 2
10 22 3 10 13 10 2
17 8 12 2 9 22 3 9 12 2
17 9 2 6 21 3 6 9 2
16 10 2 18 21 3 18 11 5 2
18 21 3 18 11 2
12 22 3 9 12 2
15 18 10 2 17 21 3 20 17 2
19 21 3 19 9 2
19 21 3 19 17 2
17 15 2 15 22 3 15 20 2
14 5 12 18 2 19 21 3 19 9 2
10 10 10 11 2 9 22 3 9 20 2
5 21 3 5 10 2
11 2 6 22 3 6 9 2
7 22 3 7 17 2
19 21 3 19 9 2
20 21 3 20 15 2
8 22 3 10 8 2
11 21 3 11 16 2
16 22 3 16 17 2
17 21 3 17 20 2
5 16 2 17 21 3 10 17 2
13 2 9 21 3 9 17 2
5 21 3 5 20 2
9 11 9 7 2 8 22 3 8 10 2
20 22 3 20 18 2
5 15 7 17 2 12 21 3 12 20 2
12 22 3 12 9 2
20 22 3 20 18 2
16 13 2 19 21 3 15 19 20 2
10 22 3 17 10 2
11 21 3 11 20 2
17 21 3 17 16 2
19 22 3 19 20 2
8 16 2 17 22 3 9 17 2
13 2 11 21 3 16 8 11 2
6 22 3 6 9 7 2
20 17 2 9 21 3 9 13 18 2
11 21 3 20 11 2
12 22 3 12 9 2
13 2 5 22 3 5 17 8 2
18 21 3 18 9 2
5 2 18 22 3 11 8 18 2
11 22 3 20 11 2
17 21 3 17 20 2
17 10 11 12 2 5 22 3 5 17 2
13 22 3 13 7 17 2
14 9 13 8 2 19 22 3 19 9 2
19 22 3 19 17 2
15 21 3 10 15 2
20 10 2 13 22 3 13 17 2
12 8 2 19 21 3 19 9 2
16 22 3 16 10 2
16 22 3 16 9 19 2
20 22 3 20 11 2
20 22 3 20 11 2
19 22 3 19 17 2
20 21 3 20 18 2
6 21 3 6 9 8 2
14 14 9 2 16 21 3 16 20 2
5 21 3 16 5 2
12 21 3 9 12 2
20 21 3 20 18 2
8 14 12 14 2 18 21 3 18 9 2
18 2 7 22 3 20 7 2
11 22 3 11 16 2
16 22 3 20 16 2
20 12 2 18 22 3 9 18 2
11 16 2 16 21 3 16 9 2
11 21 3 20 11 2
11 21 3 11 12 16 2
11 22 3 11 7 20 2
11 16 2 16 22 3 9 16 2
8 14 16 2 5 21 3 17 5 2
17 22 3 17 10 2
12 2 20 21 3 20 18 2
20 22 3 20 7 2
17 8 9 19 2 15 22 3 15 10 18 2
11 22 3 11 16 2
14 22 3 14 10 19 2
20 21 3 20 15 2
17 22 3 17 20 2
18 21 3 18 20 18 2
11 22 3 7 11 16 2
18 21 3 18 9 2
19 21 3 19 20 2
16 21 3 16 20 2
16 22 3 16 17 2
19 20 2 11 22 3 20 11 2
8 22 3 8 9 2
20 2 5 22 3 20 5 17 10 2
5 19 8 2 19 21 3 19 17 2
20 21 3 20 18 2
19 21 3 20 19 2
11 22 3 7 11 2
18 22 3 18 10 2
11 21 3 20 11 2
5 18 2 17 22 3 17 10 2
16 21 3 9 16 2
10 21 3 10 10 2
10 22 3 10 10 15 2
5 21 3 5 20 2
14 22 3 14 20 2
20 22 3 20 7 2
9 9 16 9 2 11 22 3 11 19 20 2
11 22 3 20 7 11 2
19 20 2 11 21 3 11 20 2
15 10 2 9 22 3 9 18 2
10 5 13 2 18 22 3 7 18 9 2
15 21 3 10 15 2
20 2 16 22 3 10 16 2
16 21 3 16 17 2
11 22 3 20 11 2
17 22 3 17 9 2
11 19 11 20 2 11 21 3 11 20 7 2
13 2 10 21 3 17 10 2
11 22 3 11 7 20 2
7 22 3 7 20 2
9 9 15 5 2 7 21 3 7 9 10 2
16 9 15 2 12 22 3 12 12 20 2
5 21 3 5 20 2
11 22 3 11 20 2
9 10 20 2 18 21 3 18 18 20 2
6 21 3 13 15 6 2
11 21 3 11 7 20 2
17 21 3 17 20 2
18 22 3 18 20 2
6 22 3 6 9 2
16 21 3 16 20 2
15 7 18 2 19 21 3 19 20 2
11 21 3 11 7 20 2
19 21 3 19 15 2
17 22 3 17 10 2
5 21 3 5 17 10 2
7 21 3 7 20 2
5 20 2 11 22 3 11 20 2
16 22 3 16 17 2
18 22 3 9 18 2
18 21 3 20 18 2
15 21 3 15 7 20 2
13 22 3 13 9 2
8 22 3 8 9 2
19 2 13 21 3 13 17 2
20 21 3 20 7 2
10 14 2 18 22 3 18 10 2
5 21 3 5 20 2
9 19 9 2 14 22 3 14 20 2
9 15 20 20 2 8 22 3 18 8 17 2
20 22 3 18 20 2
20 2 13 22 3 13 17 2
18 22 3 18 11 2
10 5 2 11 22 3 11 20 2
7 20 10 7 2 18 21 3 18 10 2
17 13 9 16 2 20 22 3 20 7 2
20 10 8 2 10 22 3 10 10 2
14 14 2 7 22 3 7 17 2
18 2 19 22 3 19 9 2
5 21 3 5 20 2
5 16 2 17 21 3 17 10 2
15 14 11 14 2 16 21 3 16 17 2
12 2 19 21 3 15 19 13 2
19 21 3 19 9 2
12 10 20 10 2 7 21 3 17 7 2
13 2 8 22 3 17 8 2
17 22 3 17 9 2
11 21 3 20 11 2
10 10 8 2 9 21 3 19 9 20 2
5 21 3 5 17 2
14 21 3 14 10 2
18 22 3 18 9 2
11 5 20 5 2 7 22 3 7 17 2
5 21 3 5 16 2
14 17 2 5 22 3 17 5 19 10 2
11 22 3 7 11 2
20 8 7 14 2 12 22 3 12 20 2
11 21 3 16 11 2
13 20 5 7 2 16 21 3 20 16 2
5 22 3 5 10 2
11 21 3 11 7 20 2
19 2 15 22 3 15 5 10 2
13 21 3 13 9 2
20 21 3 20 18 2
6 22 3 6 9 2
18 22 3 18 11 2
18 20 2 14 21 3 18 14 2
18 21 3 18 18 20 2
8 21 3 8 9 2
11 22 3 20 11 2
14 21 3 14 10 2
11 21 3 20 11 2
12 11 16 2 7 22 3 7 20 14 2
5 22 3 17 5 2
20 22 3 20 11 2
17 21 3 17 9 2
7 14 9 2 13 22 3 13 10 9 2
17 21 3 17 16 2
20 22 3 20 15 2
16 21 3 16 9 20 2
20 21 3 20 11 5 2
17 15 7 2 9 22 3 9 18 2
7 21 3 10 7 2
11 21 3 11 20 2
5 21 3 5 17 2
19 21 3 19 20 2
16 21 3 20 16 20 2
10 21 3 17 10 2
16 7 19 5 2 9 21 3 9 17 2
17 9 20 2 17 22 3 17 9 2
8 16 2 20 21 3 20 15 2
5 22 3 5 20 2
20 7 13 7 2 15 22 3 15 20 2
11 21 3 20 11 2
11 22 3 11 16 2
13 22 3 13 15 2
11 16 2 16 21 3 16 9 2
17 21 3 17 20 2
16 2 13 22 3 13 17 2
14 19 2 11 22 3 7 11 2
11 12 14 10 2 17 21 3 16 17 2
13 22 3 13 15 2
8 14 2 5 22 3 5 17 10 2
8 22 3 8 17 2
16 13 2 7 22 3 7 20 2
18 22 3 18 20 18 2
12 2 20 21 3 20 11 2
16 22 3 16 9 2
16 22 3 16 17 2
16 21 3 16 20 2
16 21 3 16 10 2
10 21 3 10 15 2
20 21 3 20 15 2
8 16 2 17 21 3 17 9 2
17 21 3 17 16 2
17 22 3 17 20 2
19 21 3 19 14 20 2
17 21 3 17 20 2
16 21 3 16 17 2
16 21 3 20 16 2
16 22 3 16 9 7 2
13 11 2 15 22 3 16 15 2
11 22 3 11 7 20 2
18 21 3 18 11 2
13 2 6 21 3 6 9 2
16 21 3 10 16 17 2
12 17 19 16 2 17 22 3 17 20 2
5 22 3 5 17 2
8 21 3 8 16 2
11 21 3 11 16 2
7 2 18 21 3 18 9 2
11 22 3 11 20 2
5 21 3 5 16 2
17 9 2 6 21 3 6 9 2
18 22 3 18 18 20 2
19 22 3 19 15 2
16 22 3 16 20 2
10 15 2 16 22 3 16 17 2
5 21 3 5 10 2
12 21 3 12 20 2
10 15 2 16 22 3 17 16 2
17 2 9 21 3 9 18 2
20 22 3 20 7 2
18 22 3 18 10 2
18 21 3 18 10 2
17 21 3 17 17 10 2
10 22 3 10 17 2
17 22 3 17 10 2
19 21 3 19 9 2
9 7 14 19 2 20 22 3 20 18 2
18 20 2 14 22 3 14 18 2
16 21 3 16 9 2
6 21 3 6 2
16 13 17 20 2 18 21 3 11 18 2
20 21 3 20 7 2
11 22 3 16 11 2
17 9 2 6 22 3 6 9 2
16 22 3 16 17 2
7 21 3 17 7 2
11 21 3 7 11 2
11 19 2 18 22 3 9 18 2
11 21 3 7 11 2
8 11 2 18 21 3 18 11 2
5 22 3 5 20 2
15 17 16 2 18 21 3 18 10 2
19 22 3 19 17 2
17 9 2 6 22 3 6 9 2
11 22 3 11 16 2
11 22 3 20 11 2
5 20 2 11 21 3 11 20 2
11 5 15 11 2 10 21 3 15 10 2
20 21 3 20 15 2
14 19 10 2 6 21 3 15 6 6 2
17 19 2 16 21 3 16 20 2
14 19 2 17 21 3 14 17 16 2
11 22 3 20 11 2
19 2 16 21 3 20 16 2
13 8 19 2 20 21 3 20 18 2
7 22 3 10 7 2
5 21 3 5 20 2
20 21 3 20 18 2
17 22 3 17 9 2
18 22 3 18 20 2
9 18 2 20 22 3 20 18 2
20 21 3 20 15 2
11 22 3 11 16 2
18 22 3 18 11 2
10 13 10 14 2 13 21 3 13 9 2
20 22 3 20 7 7 2
11 21 3 11 14 20 2
20 21 3 20 7 2
18 21 3 18 11 2
15 22 3 16 15 2
17 22 3 17 16 2
18 22 3 18 18 20 2
11 22 3 11 7 20 2
17 10 2 18 22 3 20 18 2
16 21 3 16 17 2
18 21 3 18 20 2
5 17 2 16 21 3 16 20 2
20 21 3 20 11 2
20 13 8 7 2 20 22 3 20 16 18 2
11 21 3 11 7 2
5 21 3 5 17 2
12 7 8 11 2 6 21 3 6 5 2
15 22 3 15 10 2
6 21 3 15 6 2
18 21 3 18 11 2
11 22 3 11 7 20 2
18 22 3 18 11 2
16 22 3 16 20 2
17 9 2 6 21 3 6 9 2
7 21 3 7 10 2
15 5 2 11 22 3 11 20 2
15 21 3 15 10 2
8 21 3 8 9 2
5 21 3 5 16 2
19 21 3 19 15 2
18 22 3 18 10 2
20 21 3 20 11 2
11 22 3 7 11 2
16 22 3 16 20 2
11 22 3 20 11 2
5 17 2 16 22 3 20 16 2
5 16 2 17 22 3 10 17 2
15 21 3 10 15 2
6 22 3 6 2
9 22 3 9 18 2
16 21 3 16 17 2
5 21 3 5 20 2
17 22 3 17 10 2
9 11 12 5 2 14 21 3 14 15 2
14 21 3 14 15 2
16 22 3 17 16 2
19 21 3 19 9 2
8 8 19 13 2 11 22 3 11 7 20 2
18 11 10 12 2 6 21 3 19 15 6 2
17 22 3 17 20 2
15 2 11 21 3 7 11 2
19 5 8 2 15 22 3 15 17 2
5 9 2 12 22 3 9 12 2
16 21 3 16 9 2
12 22 3 12 9 2
15 22 3 15 17 2
16 22 3 16 10 2
14 21 3 14 20 2
12 21 3 12 20 2
11 22 3 11 7 20 2
11 21 3 11 16 2
17 21 3 17 10 2
18 21 3 18 20 2
17 21 3 17 9 2
19 8 2 19 22 3 19 9 2
5 22 3 5 17 10 2
11 22 3 11 16 2
18 22 3 18 11 2
5 8 10 2 5 21 3 5 10 11 2
17 2 17 21 3 17 9 2
6 21 3 6 9 2
5 22 3 5 16 2
11 21 3 11 16 2
11 22 3 11 7 20 2
8 16 2 17 21 3 17 9 2
18 22 3 18 18 13 20 2
18 21 3 18 20 2
18 21 3 18 11 2
16 21 3 16 10 2
17 9 2 11 21 3 11 14 20 2
14 17 2 20 21 3 18 20 2
18 22 3 18 20 2
14 19 2 18 21 3 18 9 2
11 11 14 11 2 17 22 3 17 9 2
17 22 3 17 9 2
16 22 3 16 10 2
19 21 3 19 9 2
18 22 3 18 20 2
17 16 17 2 18 21 3 10 18 2
12 8 8 9 2 9 22 3 9 18 2
11 13 12 9 2 7 22 3 20 7 2
13 2 11 21 3 7 11 2
15 5 2 20 22 3 20 7 2
13 7 13 2 16 22 3 16 9 2
19 22 3 9 19 2
16 22 3 16 17 2
15 21 3 15 17 9 2
7 22 3 20 7 2
16 21 3 16 17 2
11 22 3 20 11 2
10 13 2 5 22 3 5 10 17 2
18 20 2 13 21 3 9 5 13 2
11 22 3 11 20 2
18 22 3 18 20 18 2
7 21 3 7 20 2
17 10 2 18 21 3 20 18 2
18 21 3 18 20 2
19 7 13 2 14 21 3 14 15 2
17 21 3 17 10 2
7 21 3 7 10 2
8 16 2 17 21 3 17 9 2
12 21 3 9 12 2
15 22 3 15 16 11 2
18 22 3 17 18 10 2
19 20 2 11 21 3 11 20 2
16 16 16 2 18 21 3 18 11 2
9 17 15 2 7 22 3 7 20 2
5 20 2 11 21 3 11 20 2
9 21 3 9 18 17 2
5 21 3 20 5 2
17 11 18 12 2 19 21 3 19 17 20 2
18 11 2 13 22 3 13 9 2
5 21 3 5 20 2
9 15 14 5 2 6 21 3 6 9 2
7 22 3 7 20 2
16 21 3 16 9 2
18 22 3 9 18 10 2
16 22 3 16 20 2
19 21 3 19 9 2
5 11 15 7 2 17 22 3 17 10 2
17 21 3 17 20 2
18 22 3 18 11 2
10 9 7 15 2 20 22 3 20 11 2
17 22 3 17 10 2
14 21 3 14 10 2
11 21 3 11 20 2
9 5 2 10 21 3 10 15 2
16 21 3 16 10 2
7 12 17 10 2 5 22 3 5 17 2
14 14 19 2 18 21 3 18 11 2
18 21 3 18 18 10 2
18 21 3 18 11 2
20 22 3 20 7 2
9 18 2 20 22 3 18 20 2
11 5 2 18 21 3 20 9 18 2
11 19 19 2 11 22 3 11 20 7 2
12 5 2 13 21 3 13 15 17 2
11 21 3 11 20 2
8 21 3 17 8 2
20 22 3 20 7 2
8 16 2 17 22 3 17 9 2
8 16 2 17 22 3 17 9 2
5 2 17 22 3 17 10 2
12 9 2 17 21 3 17 9 2
19 22 3 19 17 2
15 14 8 2 9 21 3 9 18 2
18 21 3 18 11 2
17 21 3 17 9 2
18 22 3 18 9 2
13 2 11 21 3 11 7 2
19 13 17 11 2 20 21 3 20 11 2
16 21 3 16 17 2
20 21 3 20 11 2
18 19 18 20 2 5 21 3 5 8 16 2
5 22 3 5 20 2
11 22 3 20 11 2
11 8 18 11 2 17 21 3 17 20 2
19 21 3 19 9 2
11 22 3 7 11 2
5 7 2 7 22 3 20 7 2
8 19 7 8 2 12 22 3 12 9 2
16 22 3 16 17 2
5 21 3 5 10 2
11 22 3 11 7 20 2
14 2 15 21 3 15 17 10 2
18 21 3 18 18 20 2
5 22 3 5 17 2
7 21 3 7 10 2
16 21 3 16 10 2
12 9 2 17 22 3 17 9 2
18 16 15 2 11 21 3 11 20 2
13 21 3 15 13 2
16 22 3 16 17 2
12 7 2 19 21 3 15 19 7 2
10 22 3 10 15 10 2
17 12 8 2 10 22 3 15 10 2
19 20 2 11 22 3 11 20 2
19 22 3 19 9 2
16 22 3 16 10 2
20 22 3 20 18 2
8 16 2 17 22 3 9 17 2
17 21 3 20 17 2
10 21 3 10 17 15 2
10 15 2 16 21 3 16 17 2
19 2 19 22 3 9 19 2
17 22 3 16 17 2
20 22 3 20 7 2
5 17 2 16 22 3 16 20 2
9 21 3 9 12 20 2
13 21 3 13 13 9 2
20 21 3 20 7 2
18 8 2 11 22 3 11 16 2
9 14 2 16 21 3 16 17 2
19 22 3 19 20 2
17 22 3 17 11 10 2
17 9 2 11 22 3 20 11 15 2
5 21 3 5 16 2
12 5 20 2 7 22 3 7 18 10 2
8 13 10 2 18 21 3 18 9 2
18 21 3 18 11 2
17 21 3 17 20 2
5 22 3 5 10 2
9 21 3 9 20 2
5 16 17 2 5 22 3 5 7 17 10 2
13 18 2 18 22 3 18 10 2
18 21 3 18 20 2
15 16 2 6 22 3 6 2
16 21 3 16 10 2
5 17 13 2 5 22 3 5 10 2
18 21 3 18 11 2
19 22 3 19 15 2
14 2 13 22 3 9 13 15 2
11 16 2 16 22 3 9 16 2
13 5 2 7 22 3 20 7 2
16 17 15 20 2 19 21 3 19 20 2
18 22 3 18 18 20 2
16 21 3 16 17 2
16 21 3 16 20 2
20 22 3 20 18 2
17 9 2 6 22 3 6 9 2
18 21 3 18 10 2
17 10 2 18 21 3 20 18 2
11 22 3 20 11 2
18 10 16 2 18 22 3 18 8 10 2
19 22 3 19 15 2
20 2 6 22 3 6 7 2
11 2 5 22 3 5 17 8 10 2
18 8 13 2 20 22 3 15 13 20 2
20 2 7 22 3 9 7 20 2
11 21 3 7 11 2
10 22 3 10 15 2
7 21 3 20 7 2
19 22 3 19 9 2
17 22 3 17 10 2
19 21 3 19 17 2
14 13 2 20 22 3 20 7 17 2
11 19 2 14 21 3 20 14 2
15 16 2 6 21 3 6 2
5 21 3 5 10 2
19 22 3 19 17 2
9 18 2 20 22 3 20 18 2
11 22 3 20 11 2
13 19 10 2 19 22 3 19 5 15 2
16 21 3 16 9 14 2
17 21 3 17 20 2
17 22 3 17 16 2
15 16 2 6 21 3 6 2
14 21 3 14 10 20 2
16 22 3 16 20 2
5 22 3 5 17 2
16 22 3 16 9 2
16 21 3 16 9 2
18 21 3 18 10 2
12 22 3 12 20 2
20 7 2 5 22 3 5 17 10 2
12 22 3 12 9 2
11 22 3 20 11 10 2
19 22 3 19 20 2
11 20 2 5 21 3 5 17 2
20 21 3 11 20 2
11 22 3 20 11 2
14 7 17 2 11 21 3 11 7 20 2
20 22 3 20 7 2
20 8 2 5 22 3 5 17 2
14 22 3 17 14 15 2
17 21 3 17 9 2
12 2 17 22 3 17 10 2
18 22 3 11 18 2
8 15 11 2 16 21 3 16 10 2
11 21 3 11 20 2
18 21 3 18 18 20 2
20 22 3 20 7 2
7 21 3 20 7 2
10 21 3 9 15 10 2
10 2 18 21 3 18 11 2
16 22 3 9 16 2
20 21 3 20 18 2
17 21 3 17 10 2
20 21 3 20 7 2
9 21 3 9 12 2
12 10 2 19 22 3 19 9 2
8 22 3 8 9 17 2
11 21 3 11 7 20 2
11 21 3 11 16 2
11 22 3 11 7 20 2
8 16 16 11 2 19 22 3 20 19 2
5 21 3 5 17 10 2
16 22 3 16 20 2
11 21 3 7 11 2
7 8 14 19 2 16 22 3 16 9 16 2
20 21 3 15 20 2
18 11 2 13 21 3 9 13 2
18 21 3 18 18 20 18 2
11 21 3 20 11 2
11 16 2 16 21 3 16 9 2
7 22 3 7 17 2
5 21 3 5 20 2
11 22 3 11 20 2
9 12 14 14 2 13 21 3 13 15 2
5 22 3 5 16 2
5 21 3 5 10 2
15 22 3 15 20 2
8 13 13 2 10 21 3 10 10 19 2
16 22 3 16 10 2
10 10 5 2 6 22 3 15 6 2
16 20 2 8 22 3 8 16 2
17 22 3 17 9 2
18 21 3 18 10 2
14 10 20 11 2 14 21 3 15 14 2
20 21 3 20 11 2
12 12 2 17 22 3 16 17 2
11 22 3 7 11 2
18 21 3 9 18 2
10 13 19 2 20 21 3 11 20 2
11 21 3 11 16 2
5 22 3 5 16 2
19 2 6 21 3 6 2
20 21 3 20 18 2
18 22 3 18 9 2
18 22 3 18 9 2
13 19 7 10 2 11 21 3 11 20 2
17 22 3 17 16 2
18 22 3 18 11 2
20 22 3 20 18 19 2
18 5 7 8 2 11 22 3 20 11 2
12 16 19 9 2 18 22 3 18 10 2
20 22 3 20 18 2
13 21 3 13 9 2
20 22 3 20 15 2
19 15 2 10 22 3 10 17 2
19 22 3 19 15 2
16 22 3 16 17 2
14 22 3 14 20 2
7 22 3 7 10 16 2
11 22 3 7 11 2
11 21 3 11 16 2
15 7 2 6 22 3 6 9 2
14 2 11 21 3 16 11 2
8 16 2 20 21 3 8 20 18 2
19 22 3 19 15 2
19 22 3 19 15 2
18 21 3 18 20 2
15 21 3 20 15 2
20 22 3 20 18 2
5 21 3 5 17 10 2
11 21 3 11 7 20 2
5 21 3 12 5 16 2
19 21 3 19 17 2
16 8 12 2 19 22 3 15 19 2
18 2 20 22 3 20 18 2
10 14 14 2 19 22 3 19 9 2
16 22 3 16 9 2
7 22 3 7 10 2
16 21 3 16 20 2
16 21 3 16 20 2
11 22 3 11 7 20 2
7 5 15 2 16 22 3 16 10 2
17 22 3 17 16 2
11 21 3 20 11 2
17 21 3 17 20 2
20 22 3 20 18 2
15 21 3 15 17 2
11 22 3 20 11 2
8 2 11 21 3 11 16 2
17 22 3 17 9 2
11 15 14 2 10 21 3 10 15 2
20 22 3 20 7 2
18 22 3 18 11 2
5 20 2 11 21 3 11 20 2
16 22 3 16 20 2
19 21 3 9 19 2
18 22 3 18 20 2
14 20 2 10 22 3 15 10 2
17 21 3 17 16 2
8 22 3 8 10 2
18 22 3 18 18 20 2
17 22 3 17 16 2
17 21 3 17 20 2
7 20 16 2 20 22 3 20 15 2
8 22 3 8 10 2
10 20 2 16 22 3 16 19 10 2
8 22 3 7 8 17 2
15 21 3 15 20 2
11 22 3 11 16 2
16 21 3 16 9 2
17 10 2 18 21 3 18 20 2
20 12 2 11 22 3 11 20 2
5 22 3 5 16 2
17 22 3 17 10 2
14 18 8 15 2 13 22 3 13 17 2
12 14 2 11 22 3 11 20 2
16 22 3 16 9 2
11 22 3 11 20 2
17 2 19 21 3 19 15 2
9 19 10 2 8 21 3 8 16 2
20 22 3 20 15 2
8 22 3 10 8 2
14 22 3 14 15 2
20 21 3 20 15 5 2
5 20 2 11 21 3 11 20 2
14 21 3 14 20 2
5 7 17 12 2 9 22 3 9 18 2
5 17 2 16 21 3 16 20 2
17 22 3 17 9 2
7 20 19 2 20 22 3 15 20 2
19 21 3 19 20 2
17 22 3 17 16 2
19 21 3 19 15 2
13 13 5 9 2 17 22 3 17 14 16 2
19 21 3 19 20 2
7 5 9 20 2 11 21 3 11 20 2
19 22 3 19 9 2
8 7 2 5 21 3 5 10 2
19 15 2 10 21 3 10 17 2
15 22 3 15 17 2
16 22 3 16 17 2
7 22 3 7 10 2
7 21 3 17 7 20 2
14 21 3 14 20 2
19 21 3 10 19 20 2
17 21 3 17 9 2
10 22 3 10 17 2
5 22 3 5 10 2
11 16 2 16 22 3 16 9 2
20 22 3 20 11 2
17 21 3 17 20 2
19 16 2 13 22 3 13 15 2
20 21 3 20 18 2
14 11 16 20 2 19 22 3 19 17 2
18 21 3 18 10 2
17 21 3 17 10 2
19 22 3 19 15 2
16 22 3 16 20 2
5 21 3 5 10 2
19 21 3 19 17 2
17 21 3 17 16 2
9 2 11 21 3 7 11 2
11 22 3 11 7 20 2
12 2 17 22 3 16 17 2
9 11 2 16 21 3 10 16 2
18 21 3 18 10 2
11 22 3 11 20 2
16 2 8 22 3 8 9 2
9 18 2 20 22 3 18 20 2
5 17 2 16 21 3 20 16 2
18 21 3 18 10 2
19 22 3 19 17 2
18 22 3 18 18 20 2
14 22 3 14 10 2
13 2 12 21 3 9 12 2
17 7 11 17 2 5 22 3 5 17 2
9 14 2 16 22 3 16 9 2
8 13 2 11 22 3 11 7 20 2
19 21 3 19 9 2
12 15 5 2 9 22 3 9 20 2
7 22 3 17 7 2
10 16 17 7 2 8 21 3 8 10 2
8 21 3 8 16 2
11 22 3 11 16 2
19 22 3 19 20 2
10 22 3 10 10 2
16 22 3 16 9 2
15 20 2 7 21 3 7 20 2
11 11 2 19 22 3 19 20 2
18 20 2 18 22 3 18 18 20 2
18 21 3 18 9 2
11 22 3 11 7 20 2
11 21 3 7 11 2
5 10 2 14 21 3 14 10 2
16 21 3 16 20 2
16 21 3 16 17 2
8 7 9 2 17 21 3 17 9 15 2
19 21 3 19 15 2
19 21 3 19 17 2
17 21 3 17 9 2
8 14 9 11 2 7 22 3 7 20 2
19 21 3 19 20 2
14 21 3 15 14 2
5 21 3 5 17 10 2
17 7 2 19 21 3 19 20 2
5 22 3 5 16 2
11 22 3 11 16 2
18 9 2 19 22 3 19 9 2
18 21 3 18 10 2
18 22 3 18 20 2
9 12 8 2 17 22 3 20 17 2
16 21 3 16 10 2
17 19 8 2 10 21 3 10 10 2
13 19 20 2 11 22 3 7 11 2
13 21 3 17 13 2
18 21 3 18 10 2
17 21 3 17 9 2
11 22 3 20 11 2
20 21 3 20 11 2
5 20 2 11 21 3 20 11 2
10 20 2 6 21 3 6 9 2
17 21 3 17 16 2
17 2 6 21 3 15 6 2
17 22 3 17 9 2
5 21 3 5 17 10 2
10 9 8 17 2 20 22 3 20 11 2
5 20 2 11 22 3 11 20 2
7 22 3 7 20 2
13 2 7 21 3 7 17 2
5 10 17 2 18 22 3 16 18 20 2
16 22 3 16 9 2
15 15 2 18 21 3 18 9 2
18 18 19 11 2 11 22 3 11 16 2
20 18 2 18 22 3 18 20 2
20 10 2 17 22 3 17 20 18 2
20 22 3 11 20 2
15 2 20 21 3 20 18 2
13 13 7 17 2 17 21 3 17 16 2
5 22 3 5 17 10 2
10 21 3 10 17 2
19 20 2 15 22 3 13 15 16 2
16 22 3 16 17 2
11 20 16 13 2 9 21 3 9 20 2
20 22 3 20 7 2
11 21 3 20 11 2
11 21 3 7 11 2
13 22 3 15 13 9 2
18 12 7 2 6 21 3 7 15 6 2
5 20 2 9 22 3 9 12 14 2
20 21 3 15 20 2
12 22 3 14 12 20 2
20 15 2 9 22 3 14 9 20 2
9 22 3 9 13 12 2
18 21 3 18 20 2
5 21 3 5 16 2
16 21 3 16 9 2
11 22 3 20 11 2
19 21 3 19 15 2
18 11 2 13 22 3 9 13 2
7 2 5 22 3 5 16 2
16 22 3 10 16 2
11 22 3 13 11 16 2
5 21 3 5 17 2
11 22 3 11 16 2
16 21 3 16 10 2
17 22 3 17 20 2
19 21 3 19 17 2
20 21 3 20 15 2
11 22 3 11 16 2
19 22 3 19 15 2
11 21 3 7 11 2
10 8 15 2 13 22 3 13 15 2
18 22 3 18 11 2
5 16 2 17 22 3 10 17 2
19 22 3 19 15 2
10 22 3 10 17 2
15 7 12 5 2 19 21 3 19 17 2
16 22 3 16 17 2
7 14 10 2 7 21 3 13 7 17 2
10 8 7 2 20 22 3 11 20 2
5 22 3 5 17 2
5 22 3 5 17 2
5 21 3 5 17 2
19 21 3 15 19 2
20 22 3 20 15 2
5 22 3 20 5 2
12 18 18 8 2 11 21 3 20 11 2
17 22 3 17 20 2
19 21 3 19 20 2
8 21 3 10 8 2
14 18 2 5 21 3 5 20 5 2
18 21 3 18 20 2
17 21 3 20 17 2
18 21 3 18 20 2
5 20 2 11 21 3 11 20 2
18 2 12 22 3 9 12 2
20 22 3 20 15 2
11 22 3 11 7 20 2
19 21 3 19 17 2
16 22 3 16 9 2
11 21 3 11 16 2
11 22 3 20 11 2
13 18 12 17 2 7 22 3 17 7 2
18 21 3 18 9 2
18 22 3 18 15 11 2
18 13 7 15 2 20 22 3 18 20 2
19 2 8 21 3 10 8 14 2
12 21 3 12 9 2
13 18 2 11 21 3 11 8 7 2
8 21 3 8 17 2
8 2 14 21 3 14 15 2
14 13 2 16 22 3 16 13 9 2
11 22 3 11 20 2
5 16 2 17 22 3 17 10 2
12 7 2 20 21 3 20 11 2
20 22 3 8 20 7 2
11 22 3 11 16 2
5 21 3 5 20 2
16 21 3 16 9 2
5 21 3 5 17 10 2
18 21 3 18 9 2
20 18 2 18 22 3 18 20 2
17 22 3 17 10 13 2
7 19 2 18 21 3 18 9 13 2
20 21 3 20 11 2
12 7 18 8 2 16 22 3 9 16 2
11 21 3 20 11 2
5 21 3 5 16 2
10 21 3 15 10 2
9 10 2 19 22 3 19 9 2
8 11 2 11 21 3 7 11 20 2
17 21 3 17 20 2
19 16 13 19 2 6 21 3 6 19 2
20 21 3 20 18 2
20 21 3 20 11 2
11 18 2 18 22 3 10 18 11 2
10 22 3 15 10 2
16 21 3 16 17 2
5 15 8 2 18 21 3 18 11 2
11 22 3 11 16 2
11 20 2 5 21 3 5 17 2
8 21 3 8 17 2
16 21 3 16 9 2
17 21 3 16 17 2
7 21 3 7 20 2
20 22 3 20 11 2
18 22 3 18 10 2
20 18 2 18 21 3 18 20 2
15 14 12 2 16 21 3 16 17 2
17 5 2 11 21 3 8 7 11 2
11 21 3 11 7 20 2
19 15 2 10 22 3 10 17 2
12 22 3 9 12 2
19 21 3 19 14 9 2
20 22 3 20 7 2
16 21 3 16 10 2
19 22 3 19 15 2
6 21 3 6 9 2
5 22 3 5 17 10 2
8 18 15 17 2 16 21 3 16 20 2
11 11 12 20 2 6 21 3 15 6 2
18 21 3 18 11 2
17 22 3 17 20 2
19 22 3 19 20 2
15 13 12 2 5 22 3 5 16 15 2
20 22 3 20 14 11 2
16 21 3 10 16 2
17 21 3 9 17 2
16 22 3 16 17 2
15 21 3 15 16 16 2
5 21 3 8 5 20 2
20 22 3 20 18 2
20 16 11 7 2 8 21 3 8 9 9 2
20 14 20 2 18 21 3 18 11 2
11 17 2 12 21 3 9 12 2
9 2 19 22 3 19 9 2
20 2 16 21 3 16 9 2
16 22 3 16 20 17 2
20 18 2 18 21 3 18 20 2
12 21 3 12 9 2
5 22 3 5 17 2
17 2 5 22 3 10 5 2
18 2 19 22 3 19 20 2
18 22 3 18 9 2
8 21 3 8 17 2
5 21 3 5 17 2
16 21 3 16 9 2
9 21 3 9 18 2
17 15 2 20 21 3 18 20 2
18 2 12 22 3 12 20 2
17 15 13 2 10 21 3 10 10 2
16 21 3 16 20 2
20 21 3 20 11 2
5 7 12 13 2 15 22 3 15 16 2
5 22 3 5 17 2
19 21 3 19 20 2
10 22 3 10 15 2
15 2 17 21 3 20 5 17 2
18 21 3 18 9 2
12 21 3 9 12 2
19 22 3 19 20 2
5 17 12 7 2 18 22 3 18 20 2
16 18 11 2 5 21 3 5 20 2
19 22 3 19 9 2
10 17 20 2 8 22 3 8 16 2
19 21 3 19 15 2
14 19 18 2 18 22 3 18 10 2
5 20 2 11 22 3 11 20 2
18 20 2 14 21 3 18 14 2
10 21 3 10 17 2
11 22 3 11 7 20 2
20 18 19 2 18 21 3 17 18 20 2
5 22 3 16 5 2
11 16 2 16 21 3 9 16 2
11 22 3 7 11 2
11 21 3 11 16 2
18 11 2 13 22 3 9 13 2
8 21 3 8 17 2
17 21 3 17 10 2
17 15 15 10 2 8 21 3 8 9 2
16 22 3 16 20 2
18 21 3 18 18 20 2
5 21 3 5 10 2
18 17 7 14 2 11 21 3 11 20 2
17 22 3 17 10 8 2
14 22 3 14 10 2
6 22 3 15 6 2
18 21 3 18 18 20 2
11 21 3 11 20 2
5 16 2 10 22 3 10 10 2
10 15 2 16 22 3 17 16 2
5 21 3 5 20 2
12 21 3 12 9 7 2
19 22 3 19 9 2
19 2 7 21 3 7 10 2
20 21 3 20 18 2
5 21 3 5 16 2
18 20 2 14 22 3 14 18 2
16 22 3 16 10 2
20 22 3 20 11 2
20 22 3 20 11 2
17 22 3 17 20 2
16 2 16 22 3 16 9 2
20 21 3 20 7 2
11 21 3 20 11 7 20 2
19 21 3 19 20 2
7 15 13 2 7 21 3 20 7 2
14 15 9 2 11 22 3 7 11 2
17 10 2 18 22 3 18 20 2
11 18 14 8 2 19 21 3 19 9 2
10 21 3 10 17 2
19 21 3 19 9 2
10 21 3 15 10 2
19 21 3 19 20 2
5 21 3 5 10 2
6 21 3 15 6 2
20 2 18 21 3 18 10 2
18 21 3 18 10 2
20 22 3 20 7 2
12 2 19 22 3 19 15 2
10 18 15 2 17 21 3 17 9 2
18 10 2 11 22 3 16 11 2
11 2 20 21 3 20 7 2
12 22 3 9 12 2
14 15 20 12 2 17 22 3 17 10 2
14 5 12 18 2 20 21 3 20 11 14 2
5 22 3 5 17 10 2
11 21 3 11 16 2
20 21 3 20 11 2
16 21 3 16 17 2
18 21 3 18 9 2
7 21 3 7 20 2
19 21 3 19 19 15 2
20 22 3 20 18 2
11 21 3 7 11 2
12 21 3 12 9 2
18 21 3 18 18 20 2
15 10 2 5 22 3 5 10 16 2
5 22 3 5 17 10 2
19 2 5 22 3 20 5 2
20 9 12 10 2 13 21 3 13 13 9 2
11 22 3 11 7 20 2
11 21 3 11 20 2
19 15 2 10 21 3 10 17 2
20 18 2 18 22 3 18 20 2
18 20 16 2 11 22 3 7 11 20 2
14 21 3 14 20 2
20 22 3 15 20 2
20 22 3 20 11 2
15 2 18 22 3 18 11 2
8 20 8 12 2 20 21 3 20 11 2
14 22 3 14 10 2
14 22 3 14 15 2
17 22 3 17 10 2
18 10 20 2 19 21 3 19 15 2
18 21 3 18 11 2
20 2 11 22 3 11 7 20 2
20 10 18 2 20 21 3 20 18 2
5 22 3 5 16 2
17 22 3 17 9 2
20 20 8 8 2 17 22 3 17 10 2
17 21 3 17 9 2
11 21 3 10 20 11 2
15 21 3 20 15 2
13 12 2 12 21 3 12 9 2
13 5 19 19 2 18 22 3 18 18 20 2
19 2 11 22 3 7 11 19 2
6 22 3 6 2
17 21 3 17 9 2
11 22 3 7 11 2
20 21 3 20 18 2
18 22 3 18 9 2
18 10 18 2 11 21 3 11 7 2
17 21 3 20 17 2
20 2 16 22 3 10 16 2
5 21 3 5 10 2
20 21 3 20 18 2
18 20 2 14 21 3 14 18 2
17 21 3 17 10 2
11 21 3 20 11 2
10 8 9 2 10 21 3 15 15 10 2
11 21 3 7 20 2
16 22 3 16 9 2
14 22 3 14 20 2
17 22 3 17 20 2
20 15 17 2 20 22 3 15 20 2
19 21 3 19 20 2
7 17 19 14 2 5 22 3 5 16 2
16 21 3 16 17 2
18 22 3 18 10 2
8 16 2 17 21 3 17 9 2
15 9 2 11 22 3 11 7 20 2
12 13 12 2 9 21 3 9 17 2
16 21 3 16 7 10 2
8 22 3 8 9 2
19 21 3 19 17 2
5 21 3 5 16 2
17 10 2 18 21 3 18 20 2
8 17 13 2 15 22 3 17 15 2
11 21 3 11 20 2
20 22 3 20 7 2
5 21 3 5 20 2
19 14 2 18 21 3 18 11 2
11 9 2 13 22 3 13 9 2
18 22 3 18 10 2
19 21 3 19 15 2
5 7 16 15 2 20 22 3 20 7 2
19 22 3 19 20 2
20 21 3 20 15 2
12 22 3 9 12 2
19 21 3 19 17 2
11 9 18 2 10 22 3 10 10 2
19 2 5 22 3 5 10 2
16 10 2 11 21 3 7 11 2
16 2 12 22 3 9 12 2
16 22 3 16 9 2
14 10 2 11 21 3 20 11 2
7 14 5 2 8 21 3 16 8 2
17 22 3 17 20 2
18 21 3 18 9 2
5 21 3 5 10 2
14 22 3 14 15 2
20 21 3 20 18 2
5 22 3 5 17 10 2
7 2 11 22 3 11 7 20 2
19 21 3 19 15 2
11 22 3 7 11 2
8 22 3 8 9 2
11 22 3 7 11 2
18 21 3 18 20 18 2
18 20 2 14 22 3 14 18 2
15 16 20 17 2 13 21 3 13 17 2
5 14 19 2 17 22 3 17 16 2
11 22 3 11 20 2
17 21 3 17 10 2
12 8 2 17 21 3 14 17 16 2
11 22 3 11 7 2
17 21 3 17 20 2
18 21 3 18 10 2
19 17 8 11 2 9 21 3 9 18 8 2
12 21 3 9 12 2
17 9 2 12 22 3 9 12 2
5 21 3 5 17 2
18 15 17 2 20 22 3 20 7 2
15 22 3 15 10 2
13 21 3 13 15 2
11 21 3 11 7 20 2
13 21 3 13 11 15 2
20 22 3 20 18 2
16 5 7 9 2 5 22 3 12 5 17 10 2
19 22 3 19 20 2
16 21 3 16 9 2
10 22 3 10 15 2
10 15 2 16 21 3 16 17 2
7 21 3 7 17 12 2
17 21 3 17 16 2
18 21 3 18 20 2
17 21 3 17 10 2
11 22 3 11 16 2
13 22 3 13 17 2
9 17 12 2 11 21 3 20 11 2
16 21 3 10 16 2
18 14 17 14 2 18 21 3 18 5 9 2
18 11 2 16 22 3 20 16 2
5 21 3 5 17 10 2
16 22 3 16 10 2
10 15 2 16 21 3 16 17 2
16 22 3 16 10 2
11 21 3 11 20 2
19 22 3 19 15 2
8 20 2 9 21 3 9 17 2
9 21 3 9 18 2
14 22 3 14 15 2
11 22 3 20 11 2
19 14 8 8 2 13 21 3 13 9 2
16 22 3 9 16 2
17 22 3 17 10 2
5 21 3 5 17 10 2
15 16 2 6 21 3 6 2
15 2 7 22 3 7 10 2
16 5 19 20 2 11 22 3 11 7 20 2
17 2 19 22 3 17 18 19 2
12 2 18 21 3 18 11 2
5 18 2 19 21 3 19 15 2
9 22 3 9 18 2
11 9 2 11 21 3 11 7 20 2
12 22 3 20 12 2
9 22 3 9 17 2
16 22 3 16 17 2
19 16 13 2 19 21 3 9 19 8 2
18 22 3 18 20 18 2
12 9 2 20 21 3 20 11 2
9 10 7 11 2 5 22 3 5 17 2
18 22 3 18 10 2
18 21 3 18 10 2
15 16 16 18 2 18 21 3 18 18 20 2
20 21 3 20 15 2
5 22 3 5 10 2
10 15 17 15 2 17 21 3 10 17 2
11 22 3 11 16 2
16 21 3 16 10 2
7 21 3 20 7 2
19 21 3 19 20 2
19 22 3 19 17 2
5 21 3 5 17 10 2
18 22 3 11 18 2
5 22 3 5 17 2
9 9 14 9 2 15 21 3 15 10 2
16 22 3 16 10 2
5 22 3 5 16 2
5 17 2 16 22 3 16 20 2
17 21 3 17 20 2
15 15 11 2 14 21 3 15 14 2
15 21 3 16 15 2
7 12 17 2 10 21 3 10 17 2
16 7 2 9 21 3 9 12 2
11 21 3 11 16 2
11 15 2 17 22 3 17 16 10 2
20 22 3 20 11 2
11 21 3 20 11 2
19 21 3 19 20 2
11 22 3 20 11 2
15 15 19 10 2 13 21 3 13 20 15 2
10 8 17 10 2 18 22 3 11 18 2
11 2 9 22 3 9 17 2
16 21 3 16 20 2
15 21 3 15 20 2
20 21 3 20 18 2
5 20 2 10 21 3 15 10 2
18 21 3 18 9 2
18 21 3 11 18 2
20 22 3 20 18 2
5 22 3 5 17 2
12 20 12 2 7 21 3 20 7 2
19 22 3 19 17 2
9 2 17 22 3 10 20 17 2
16 21 3 16 17 2
15 22 3 10 15 2
18 13 2 18 21 3 18 11 2
11 22 3 20 11 2
10 15 2 16 22 3 17 16 2
17 22 3 17 9 2
8 16 8 7 2 14 22 3 14 20 2
14 7 2 16 22 3 9 16 2
17 7 2 9 21 3 9 18 2
15 16 2 15 22 3 19 15 20 2
5 22 3 5 16 2
19 21 3 9 19 2
14 20 11 15 2 16 21 3 16 20 2
12 12 2 8 22 3 8 20 17 2
18 7 20 2 10 21 3 15 10 2
11 22 3 11 20 2
16 22 3 17 16 2
5 2 14 22 3 14 15 20 2
9 22 3 9 20 2
18 22 3 10 18 11 2
19 21 3 19 17 2
13 22 3 9 13 2
5 21 3 5 16 2
13 22 3 13 9 2
9 18 2 20 22 3 18 20 2
20 11 19 2 13 21 3 13 9 2
17 22 3 17 10 2
14 20 2 9 22 3 9 12 2
13 12 2 8 21 3 16 17 8 2
9 21 3 18 9 2
11 21 3 20 11 2
5 19 19 8 2 20 22 3 20 15 2
11 21 3 20 11 2
16 21 3 16 10 2
5 22 3 5 20 2
19 21 3 19 15 2
16 22 3 16 20 2
17 22 3 17 20 2
19 22 3 19 9 2
7 22 3 20 7 2
20 22 3 20 15 2
12 21 3 20 12 2
17 22 3 17 20 2
8 20 7 19 2 20 22 3 20 15 2
20 2 10 21 3 10 15 2
9 22 3 9 12 2
8 14 16 2 18 21 3 18 11 2
17 10 2 18 22 3 18 20 2
13 21 3 13 15 2
20 22 3 20 18 2
5 2 13 22 3 12 9 13 2
5 22 3 5 16 2
13 2 10 21 3 10 15 2
9 17 14 2 16 21 3 5 16 20 2
19 15 2 10 22 3 10 17 2
12 2 10 22 3 10 15 2
5 21 3 5 17 2
20 21 3 20 15 2
8 16 2 17 21 3 17 9 2
15 14 17 2 18 21 3 18 10 2
5 7 2 15 21 3 15 10 2
